   55146.6064212051       6.885132353628975E-005  1.153063560793559E-004
   55146.6268538812      -1.295660294305945E-004  1.152573126669376E-004
   55146.6472865571       3.729958245357601E-005  1.152728211439100E-004
   55146.6677192331      -1.190913873394539E-005  1.152811404975627E-004
   55146.6881519091      -6.112363287180678E-005  1.152928076220747E-004
   55146.7085845850       4.752563833720913E-005  1.152856828789637E-004
   55146.7290172610       9.379532613329467E-005  1.152987377546439E-004
   55146.7494499369       1.354783709697216E-004  1.152960266325164E-004
   55146.7698825128       1.427576183907764E-004  1.153019496117291E-004
   55146.8107479647       5.561685440191866E-005  1.152923140404736E-004
   55146.8516133165      -1.317089696070139E-004  1.152950108558881E-004
   55146.8720459924       7.602856778721190E-005  1.152915843981068E-004
   55146.9129113442      -6.378816283303390E-005  1.152919635260033E-004
   55146.9333440201       2.054403964124596E-004  1.152955974311241E-004
   55146.9537766959      -1.653910067330733E-004  1.153059054178941E-004
   55146.9742092718      -8.546067862436058E-005  1.153016706308241E-004
   55147.0355072994      -1.709338237775304E-004  1.152931223697623E-004
   55147.0559400752      -5.256661591801493E-005  1.153107553936263E-004
   55147.0763726510      -6.254339043043622E-005  1.152987520613570E-004
   55147.1172381027      -1.141756996492216E-004  1.152941452997471E-004
   55147.1376706785       4.231260444020890E-006  1.153002828796559E-004
   55147.1581033543       1.795344794390807E-004  1.153173794017796E-004
   55147.1785360301       2.034725013728700E-004  1.153057337373372E-004
   55147.1989687059      -9.371115125000884E-005  1.153129729341528E-004
   55147.2194013817       6.375211511544521E-005  1.152817270727987E-004
   55147.2398340575       1.252218772855862E-004  1.153184881720429E-004
   55147.2602667333       9.582305715860606E-005  1.153211492206747E-004
   55147.3011320848      -1.628529691363179E-004  1.153230162467308E-004
   55147.3215648606      -1.461404131453126E-005  1.152961625462906E-004
   55147.3419974364      -1.961493750579635E-004  1.153118355504634E-004
   55147.3624301121      -1.671678222999740E-004  1.152875642117330E-004
   55147.3828628879      -1.725962887805244E-004  1.152794308453503E-004
   55147.4032954637      -2.011246298576630E-004  1.152937089449984E-004
   55147.4237281394      -1.369065505903988E-004  1.153011555891535E-004
   55147.4441608151      -4.135878249411640E-005  1.152920636729948E-004
   55147.4850261666      -4.841006789515490E-004  1.152377983103044E-004
   55147.5054588423      -2.375308144821897E-004  1.153023215862690E-004
   55147.5258915181      -2.169728789896963E-004  1.153015561771195E-004
   55147.5463241938      -1.032408954106945E-004  1.152714476994549E-004
   55147.5667568695      -1.032813362161766E-004  1.152972355497711E-004
   55147.5871896453      -2.905174339676853E-004  1.152882509339605E-004
   55147.6076222210      -1.738752911298880E-004  1.152990668090446E-004
   55147.6280548967      -7.111326071840285E-005  1.152956188911938E-004
   55147.6484874724      -1.906464785672579E-004  1.152955044374892E-004
   55147.6689202481      -1.697157201547839E-004  1.152815768523114E-004
   55147.6893529238      -2.609310635010020E-004  1.153071787153577E-004
   55147.7506509509      -9.544986155429758E-005  1.153009481418139E-004
   55147.7710835266       4.130934474644299E-005  1.152987592147135E-004
   55147.7915163023      -9.510921650723869E-005  1.152814409385372E-004
   55147.8119489780      -1.526371914486457E-004  1.153090958149096E-004
   55147.8323816537       5.310071655229009E-005  1.152888375091966E-004
   55147.8528142294      -6.855268031669137E-005  1.153087381470828E-004
   55147.8732470051      -8.515063466363326E-005  1.153043030660298E-004
   55147.8936796808       3.464583670842458E-005  1.152791518644454E-004
   55147.9141122565       1.123227577450869E-004  1.153113133554361E-004
   55147.9345450322      -6.533872566250043E-005  1.152890878766754E-004
   55147.9549777078      -3.273502133027684E-005  1.152952111498711E-004
   55147.9754102836       3.943735741063215E-005  1.153104048791559E-004
   55147.9958430593      -2.933478511557563E-005  1.152894312377892E-004
   55148.0162757349      -1.653231814565670E-004  1.152980796458425E-004
   55148.0367083106       8.996042281350647E-005  1.152848530896054E-004
   55148.0571409863       2.264131086351373E-004  1.153040598519075E-004
   55148.0775737620      -9.913971214381423E-005  1.153105050261475E-004
   55148.0980063377       1.138026203848508E-004  1.153188386865132E-004
   55148.1184390134       9.010577165069478E-006  1.152963628402736E-004
   55148.1388716890       6.805776758000981E-005  1.153115708762715E-004
   55148.1593043647       3.309411868035461E-005  1.153093032622492E-004
   55148.1797370404       6.362014808303229E-005  1.153056121302761E-004
   55148.2001698161      -1.222654852939264E-005  1.153057051239111E-004
   55148.2410350675      -2.352081102353631E-004  1.152722488753871E-004
   55148.2614676432      -5.447772625333247E-005  1.153005904739870E-004
   55148.2819004189       1.665974681070992E-004  1.153027937078005E-004
   55148.3023330946       3.818312698382620E-004  1.153218144828326E-004
   55148.3227657702       2.387287582461539E-004  1.153095750897976E-004
   55148.3431984459       5.683020324220855E-005  1.152814552452503E-004
   55148.3636311217       1.198952796830355E-004  1.153036449572284E-004
   55531.4522355216       1.711832817761216E-004  1.158921950473477E-004
   55531.4726683196       5.706468763633232E-005  1.158805911068364E-004
   55531.5135337159      -9.634080819287405E-005  1.158637534489268E-004
   55531.5339664141       8.325136992937132E-005  1.158711009221763E-004
   55531.5543991124       7.466575161485522E-005  1.158797296789382E-004
   55531.5748318108      -1.345411275884834E-004  1.158498620192069E-004
   55531.6361299063      -2.131994134968451E-005  1.158585776426476E-004
   55531.6565627050       7.344579089685332E-005  1.158952643366657E-004
   55531.6769953037       1.445806045892173E-004  1.158922819140265E-004
   55531.7382934003      -2.308278569268518E-004  1.158665983326579E-004
   55531.7587261993       1.042905772590252E-004  1.158816552236519E-004
   55531.7791588984      -1.881988330254547E-005  1.158679737217391E-004
   55531.7995914976      -7.183664198728845E-005  1.158572674035756E-004
   55531.8200242968       1.426221228115754E-004  1.158750171616127E-004
   55531.8404569961      -1.778102005411952E-005  1.158558268644853E-004
   55531.8608895955       1.651594161946601E-004  1.158577234536393E-004
   55531.8813223949       1.091946319387027E-004  1.158583459981708E-004
   55531.9017549944      -9.785901498216010E-005  1.158653749602646E-004
   55531.9221877940       5.496545242555939E-005  1.158788103399208E-004
   55531.9426204937      -4.329846620509947E-005  1.158745176782095E-004
   55531.9834858933       1.490991339003767E-004  1.158829003127149E-004
   55532.0243511931       6.264345989892561E-005  1.158782891398479E-004
   55532.0447839931      -1.144708057724264E-004  1.158720275000836E-004
   55532.0652166932       2.002519983117512E-004  1.158749809671632E-004
   55532.0856493934      -3.970769038841304E-005  1.158505931470869E-004
   55532.1060820937      -5.978288515162689E-005  1.158736128169719E-004
   55532.1265147940      -3.581046446217151E-004  1.158363614895416E-004
   55532.1469475944       8.263414620657272E-005  1.158594463094357E-004
   55532.1673801949      -1.537723997481200E-004  1.158498403025372E-004
   55532.1878128954      -2.501135105789087E-004  1.158559788811732E-004
   55532.2082456961      -2.756410236294249E-004  1.158677565550421E-004
   55532.2286783968      -3.214195240051065E-004  1.158507813582243E-004
   55532.2491109975      -1.171478933537085E-004  1.158502601581514E-004
   55532.2695437984      -1.441609655925546E-004  1.158516862194619E-004
   55532.2899764993       8.112574034302433E-005  1.158586717482163E-004
   55532.3104091003      -3.568745442805721E-004  1.158253873324517E-004
   55532.3308419014      -9.479380299881601E-005  1.158414431902521E-004
   55532.3512746025      -2.350216989790432E-004  1.158470388521455E-004
   55532.3717074037      -2.406547628674982E-005  1.158558630589348E-004
   55532.3921400051      -4.714388821380755E-005  1.158662291492729E-004
   55532.4125727064      -1.007516358061400E-004  1.158516355472326E-004
   55532.4330054079      -3.661607601040950E-004  1.158483708078873E-004
   55532.4534381094      -2.126392907398911E-004  1.158510274804809E-004
   55532.4738708110      -2.399476787339205E-004  1.158326407001325E-004
   55532.4943035127      -7.824367317466052E-005  1.158272839216058E-004
   55532.5147362145       2.434632695682559E-004  1.158636448655783E-004
   55532.5351688163       2.318173855075933E-005  1.158382001675764E-004
   55532.5556016182       1.226780240459746E-004  1.158736417725315E-004
   55532.5760343202       4.984272964048131E-005  1.158517296528013E-004
   55532.5964671223      -1.163879520227340E-005  1.158513097971871E-004
   55532.6168997244       9.026589003124919E-005  1.158749013393743E-004
   55532.6373324266      -2.758562686239197E-004  1.158459385408806E-004
   55532.6577652289      -8.124813849375023E-006  1.158527792918370E-004
   55532.6781978313       1.363221476058385E-005  1.158273201160553E-004
   55532.6986305338       1.307259016933848E-004  1.158621174598092E-004
   55532.7190633363       8.762329771894173E-005  1.158609592374251E-004
   55532.7394960389       1.190991484254500E-004  1.158519178639388E-004
   55532.7599286416      -1.636139358534017E-004  1.158564638867966E-004
   55532.7803614443      -7.448797267994856E-005  1.158458589130917E-004
   55532.8007941472       5.867694184980010E-005  1.158605031873613E-004
   55532.8212268501       2.573771190261809E-005  1.158496376136200E-004
   55532.8416595531       1.485743749052304E-005  1.158325321167840E-004
   55532.8620922561      -1.243128170514973E-004  1.158456707019542E-004
   55532.8825250593       9.157317027774781E-005  1.158491598468865E-004
   55532.9029576625       4.041739790583421E-005  1.158504266526192E-004
   55532.9233903658      -5.818473243313083E-005  1.158601412428662E-004
   55532.9438231692      -8.038598904314131E-005  1.158388154732180E-004
   55532.9846884762      -3.719644018784773E-005  1.158456345075047E-004
   55533.0051212799       5.316518013098737E-005  1.158548640921284E-004
   55533.0255538836      -1.474647476796820E-004  1.158495579858310E-004
   55533.0459866873      -2.132583179543790E-004  1.158386055454109E-004
   55533.0664192912       1.055665390137239E-004  1.158668010215751E-004
   55533.0868519952      -9.857661973933229E-005  1.158383159898149E-004
   55533.1072847992      -5.157346226059012E-005  1.158513821860861E-004
   55533.1277175033       3.676811464869978E-005  1.158690088829949E-004
   55533.1481501075       1.374115477739135E-004  1.158696603830860E-004
   55533.1685829117      -1.169006587975474E-004  1.158426014126362E-004
   55533.1890155161      -1.037573691865523E-004  1.158613790930393E-004
   55533.2094482205      -1.934038219371104E-004  1.158197482372189E-004
   55916.2980715947      -5.998085222824745E-005  1.165745915961780E-004
   55916.3185043597       1.844698987327753E-004  1.165924176110570E-004
   55916.3389371249      -2.224329835021077E-005  1.165660076169048E-004
   55916.3593698902       1.088238034085975E-004  1.165847622223867E-004
   55916.3798026556      -1.152615397733703E-004  1.165688007004503E-004
   55916.4002354212      -1.704217827247501E-005  1.165623225014417E-004
   55916.4206681870      -1.727570121343724E-004  1.165707017520781E-004
   55916.4411009528       1.464224115803603E-004  1.165587251268230E-004
   55916.4615337188      -5.315041244036145E-005  1.165619203559051E-004
   55916.4819664850      -1.427725530576129E-004  1.165538847569092E-004
   55916.5023992513      -1.975888522420810E-005  1.165790810027144E-004
   55916.5228321177       1.812021744824754E-004  1.165788250919183E-004
   55916.5432647844       1.384188591675439E-004  1.165642674234917E-004
   55916.5636976511      -1.094398788840101E-004  1.165801046458986E-004
   55916.5841304180      -2.368149981258894E-004  1.165634119502592E-004
   55916.6045630850       2.872882853166558E-005  1.165708699220297E-004
   55916.6249959521      -5.125782667014800E-005  1.165891200176565E-004
   55916.6454287195       2.778277483377334E-004  1.165798487351025E-004
   55916.6658613869       1.471072151328912E-004  1.165957810100908E-004
   55916.6862942545      -4.831879933786531E-005  1.165743283736449E-004
   55916.7067270223       1.371370326583854E-004  1.165669142722966E-004
   55916.7475925582      -5.677385348790143E-005  1.165654957953127E-004
   55916.7680253264       6.488148139216499E-005  1.165665340619710E-004
   55916.7884581947       2.413899088000715E-004  1.165803532449576E-004
   55916.8088908632       2.002758283370376E-004  1.165866120918552E-004
   55916.8293236318       3.995276634349842E-005  1.165721348525359E-004
   55916.8497565006      -1.825071744244733E-004  1.165555006507928E-004
   55916.8701891695       3.300654017812654E-005  1.165699852018491E-004
   55916.8906219386      -1.480720723758822E-004  1.165570726742542E-004
   55916.9110548078      -3.769888550952949E-005  1.165884912082719E-004
   55916.9314874771      -5.085337721433270E-005  1.165795562656213E-004
   55916.9519203466      -1.699242094843623E-005  1.165729757022944E-004
   55916.9723530163      -2.322539149487435E-004  1.165721202290619E-004
   55916.9927858861      -3.451906077953648E-004  1.165622055136493E-004
   55917.0132186560      -2.614459783059075E-004  1.165720836703767E-004
   55917.0540840963      -3.488783428218234E-004  1.165533217531579E-004
   55917.0745169667      -9.467215029768106E-005  1.165739335398453E-004
   55917.0949497372       1.095498622769586E-004  1.165855372665118E-004
   55917.1153824079      -3.249631875755776E-004  1.165498413663316E-004
   55917.1358152787      -1.129187903774476E-004  1.165808065726535E-004
   55917.1766809207      -5.880221781995321E-005  1.165917522429873E-004
   55917.1971135920      -2.241296127210024E-004  1.165818082806266E-004
   55917.2175463634      -8.931862746763830E-005  1.165867948852810E-004
   55917.2379792350      -1.394269547787541E-004  1.165736776290493E-004
   55917.2584119067      -2.202459312392602E-004  1.165670531953001E-004
   55917.2788446785      -7.366472321990170E-005  1.165941870514183E-004
   55917.2992775505      -8.353277224426581E-005  1.165929952382824E-004
   55917.3197102227      -2.237970797602795E-004  1.165734948356235E-004
   55917.3401430949      -4.611114290857810E-004  1.165589444789339E-004
   55917.3605758674      -1.676726564540099E-004  1.165722737755395E-004
   55917.3810085400      -6.164438125144667E-005  1.165807042083350E-004
   55917.4014414127      -3.064940672115046E-005  1.165810624834495E-004
   55917.4423068586       1.389394884276918E-005  1.165795343304103E-004
   55917.4627397318       2.568440764871838E-005  1.165801412045837E-004
   55917.4831725052       4.844333727205274E-005  1.165870288608659E-004
   55917.5036052787      -4.435433681437839E-005  1.165695464976273E-004
   55917.5240380523      -5.772118081071032E-005  1.165708479868187E-004
   55917.5444708261       8.960180302319820E-005  1.165847987810718E-004
   55917.5649037000       2.931088777979873E-005  1.165786349867556E-004
   55917.5853363741      -2.256611132330777E-004  1.165677624337920E-004
   55917.6057691483       4.427993370881289E-005  1.165809528073941E-004
   55917.6262019227       2.100995090685842E-004  1.165988811865915E-004
   55917.6670674719       1.207497363349130E-004  1.166018497518257E-004
   55917.6875003467      -1.072244383586440E-004  1.165759735144767E-004
   55917.7079330217       6.433170669573052E-005  1.165866194035923E-004
   55917.7283657969       1.446951479182612E-004  1.165989835509099E-004
   55917.7692313475      -2.446378867237975E-005  1.165748840656592E-004
   55917.7896642231       4.535896928148375E-005  1.165843454533760E-004
   55917.8100969989      -1.383041343341329E-004  1.165731804309312E-004
   55917.8305296748      -2.702605387938650E-005  1.165810917303976E-004
   55917.8509625508       6.644030897873243E-005  1.165803020627984E-004
   55917.8713953270      -4.112521505239553E-005  1.165800022815802E-004
   55917.8918280033       1.635176497574165E-004  1.166040505846717E-004
   55917.9122608798      -7.833072572016597E-006  1.165909333284399E-004
   55917.9326936565       1.420037336874458E-004  1.165879574514687E-004
   55917.9531265333       2.609743998791547E-004  1.165805799088055E-004
   55917.9735592102       7.355461630043081E-005  1.165832852515066E-004
   55917.9939919873      -3.355622882939002E-005  1.165748548187111E-004
   55918.0144248645      -8.696179149392247E-005  1.165872774599250E-004
   55918.0348575419       3.715999269648940E-005  1.165693125220424E-004
   55918.0552903195      -1.295149612540181E-004  1.165862903754259E-004
   56301.1235646428      -1.875411547480610E-005  1.172151066285870E-004
   56301.1644303879       2.736026256615620E-004  1.172450444338960E-004
   56301.2052962338       7.373481319072894E-005  1.172102592050738E-004
   56301.2257291071      -9.924155003282475E-005  1.171908327323905E-004
   56301.2461619806      -6.137436810582653E-005  1.171885083229365E-004
   56301.2665948543       8.236046303777833E-005  1.171921420516399E-004
   56301.2870277281      -1.421588265221319E-004  1.172044334699867E-004
   56301.3074606022      -1.230234135596309E-004  1.171972101469367E-004
   56301.3278934765       9.091026267449287E-005  1.172195274199852E-004
   56301.3483263510      -1.767362888438484E-004  1.172042937111904E-004
   56301.3891921007       8.297318825012390E-005  1.172060517297331E-004
   56301.4096250758       1.001594793348382E-004  1.172188065588254E-004
   56301.4300579511      -6.398139522301172E-005  1.171875226556364E-004
   56301.4709237025       1.077922037526768E-004  1.172063238915996E-004
   56301.4913564784      -2.245155379175801E-004  1.172013293535640E-004
   56301.5117893546      -1.391682669837913E-005  1.172030873721067E-004
   56301.5322223310      -1.656596308972080E-004  1.172009395000796E-004
   56301.5526551076       1.692503030583659E-004  1.172161217187916E-004
   56301.5730880844       2.261230787032886E-004  1.172147167751026E-004
   56301.5935209614      -9.770687997900929E-005  1.172031903522724E-004
   56301.6139537386      -1.994632632321691E-004  1.171910901828047E-004
   56301.6343867161       2.347423550970174E-004  1.172124585671838E-004
   56301.6548195938      -1.593843471354717E-004  1.172096560355320E-004
   56301.6752523716       9.249871672345478E-005  1.172241983060715E-004
   56301.6956853496      -2.511114555181493E-005  1.171919213798563E-004
   56301.7161182279      -5.931751183829714E-005  1.171981001897972E-004
   56301.7365511064       1.638605730232001E-004  1.172107814616284E-004
   56301.7569839850      -8.415656654625625E-005  1.172045805845091E-004
   56301.7774168640       1.393117883561334E-004  1.172168940700342E-004
   56301.7978498431       1.933514381551316E-004  1.172179974289522E-004
   56301.8182826224      -1.354732044217544E-004  1.171888319748858E-004
   56301.8387155019       1.520020677214795E-005  1.172072212901862E-004
   56301.8591484816      -1.713101232317937E-004  1.172112080937433E-004
   56301.8795813616      -4.295879249412993E-004  1.171802551982297E-004
   56301.9000141418      -4.042881106880447E-004  1.171816233632881E-004
   56301.9204471221      -2.791043817336192E-004  1.171868312173812E-004
   56301.9408800028      -1.768682484991624E-004  1.171876844816111E-004
   56301.9613128835      -3.251818845796395E-004  1.171901486498613E-004
   56301.9817457646      -1.781769919141363E-004  1.171893910100710E-004
   56302.0021786458      -3.540238606347668E-005  1.171836241207928E-004
   56302.0226115272      -1.662291633343083E-004  1.171974455301725E-004
   56302.0430444088      -2.932089438549834E-004  1.171883464969619E-004
   56302.0634772907      -7.197313094797764E-005  1.171935249281505E-004
   56302.0839101727      -6.374622234339711E-005  1.172006305595826E-004
   56302.1043430550      -3.072830459570630E-004  1.171733187484984E-004
   56302.1247759375      -1.928383511159426E-004  1.171936573312207E-004
   56302.1656417031      -7.484527454049150E-005  1.172017412742267E-004
   56302.1860746862       9.977596356725016E-005  1.171937161770296E-004
   56302.2065074695      -2.072755254000080E-004  1.171658747536649E-004
   56302.2269403531       5.391991442227351E-006  1.172007703183788E-004
   56302.2473733368       3.022688554543684E-005  1.171769009871190E-004
   56302.2678061208       3.715950519134203E-005  1.171812997113388E-004
   56302.2882390050       3.382137565788312E-005  1.171927599326340E-004
   56302.3086719894       5.665119978570665E-005  1.171826163863143E-004
   56302.3291047740       7.701603751653074E-005  1.171970924553188E-004
   56302.3495377588       2.038830835815464E-004  1.172232935517587E-004
   56302.3699706438      -1.742804468632952E-004  1.171937014655774E-004
   56302.3904034291       1.454994531213671E-005  1.172025209811954E-004
   56302.4108364145       4.467052332852717E-004  1.172230949471535E-004
   56302.4312693002      -2.015649782527440E-004  1.171955036184768E-004
   56302.4721350722      -3.449440551694938E-005  1.172049483708151E-004
   56302.4925679585      -1.472934767966505E-004  1.172047718333882E-004
   56302.5130008450       1.426017417121006E-004  1.172258754116269E-004
   56302.5334337317       3.776353422701995E-005  1.171979089409181E-004
   56302.5538666187      -1.685359706868894E-004  1.172123188083875E-004
   56302.5947324932      -1.425804994559243E-004  1.172138193765160E-004
   56302.6151652808       9.990221945699318E-006  1.172237496067782E-004
   56302.6355982686      -1.225814080640930E-005  1.172222343271974E-004
   56302.6560311566       8.838945363143225E-005  1.172125100572666E-004
   56302.6764639448      -1.103319501650768E-004  1.171992109044414E-004
   56302.6968969333       1.120573515513978E-004  1.172048453906494E-004
   56302.7173298219       2.347142011642767E-004  1.172202262139666E-004
   56302.7377627108      -6.550240548852670E-006  1.172095530553663E-004
   56302.7581955999      -3.517090975346804E-005  1.172153861461796E-004
   56302.7786283893       3.316653475415876E-005  1.172096486798059E-004
   56302.7990613787      -1.581176178563348E-004  1.172095824782708E-004
   56302.8194942685      -6.638663864566574E-005  1.172050587067069E-004
   56302.8399270584       1.824615191825529E-006  1.172113110739090E-004
   56302.8603600486      -1.312855295505511E-004  1.172056986548793E-004
   56302.8807929389       2.115740172170533E-005  1.172205572216420E-004
