koi rprs secthresh maxrad pr_heb pr_eb pr_beb fp FPP
K00001.01 0.124 20 0.51 1.260e-03 1.910e-03 3.750e-12 0.074 3.170e-03
K00002.01 0.075 96 4.00 3.290e-45 1.690e-13 2.520e-24 0.057 1.690e-13
K00003.01 0.058 11 3.60 1.120e-155 3.360e-131 2.280e-24 0.083 0.000e+00
K00004.01 0.040 66 0.50 3.320e-03 3.670e-03 2.030e-04 0.069 7.190e-03
K00005.01 0.037 15 0.50 1.450e-02 6.050e-02 1.240e-04 0.052 7.520e-02
K00005.02 nan nan nan nan nan nan nan nan 
K00006.01 0.226 22 4.00 1.060e-37 3.090e-22 1.000e+00 0.001 1.000e+00
K00007.01 0.025 12 0.50 9.210e-73 1.090e-40 6.510e-18 0.098 0.000e+00
K00008.01 0.019 27 0.50 3.210e-41 5.390e-63 1.000e+00 0.216 1.000e+00
K00009.01 0.071 422 0.50 1.080e-04 3.230e-01 5.630e-03 0.072 3.290e-01
K00010.01 0.094 42 0.50 6.390e-15 7.980e-07 1.180e-09 0.061 7.990e-07
K00011.01 0.088 186 2.88 3.480e-233 5.250e-91 1.000e+00 0.061 1.000e+00
K00012.01 0.088 209 0.96 2.780e-08 3.860e-02 2.000e-14 0.035 3.860e-02
K00013.01 0.077 139 3.90 8.830e-173 2.290e-03 3.280e-15 0.054 2.290e-03
K00014.01 0.024 79 0.96 2.690e-02 4.310e-01 7.530e-03 0.077 4.660e-01
K00015.01 0.324 383 0.50 9.510e-04 3.290e-01 6.690e-01 0.001 9.990e-01
K00016.01 0.305 52 0.50 3.090e-87 7.030e-46 1.000e+00 0.001 1.000e+00
K00017.01 0.095 28 0.50 5.590e-77 3.760e-29 1.180e-10 0.072 1.180e-10
K00018.01 0.080 29 0.50 1.120e-134 1.990e-21 3.140e-28 0.060 0.000e+00
K00019.01 0.083 170 0.50 2.990e-07 2.750e-01 4.730e-03 0.076 2.790e-01
K00020.01 0.118 43 0.50 6.700e-81 9.120e-21 1.490e-10 0.050 1.490e-10
K00021.01 0.173 302 0.50 1.220e-03 9.660e-01 2.070e-03 0.018 9.690e-01
K00022.01 0.094 27 0.50 4.890e-19 1.470e-09 1.800e-10 0.078 1.660e-09
K00023.01 0.111 308 0.50 2.560e-03 1.910e-01 2.450e-07 0.043 1.930e-01
K00024.01 0.076 362 0.50 2.350e-06 7.110e-02 6.310e-03 0.070 7.740e-02
K00025.01 0.170 43 0.50 8.900e-08 5.720e-01 2.290e-10 0.005 5.720e-01
K00026.01 nan nan nan 5.500e-02 7.160e-01 2.140e-01 0.001 9.850e-01
K00027.01 0.769 133450 4.00 1.020e-10 7.670e-09 2.970e-10 0.001 8.070e-09
K00028.01 nan nan nan nan nan nan nan nan 
K00031.01 0.017 42 0.50 nan nan nan nan nan 
K00033.01 nan nan nan 1.310e-33 0.000e+00 1.000e+00 0.086 1.000e+00
K00041.01 0.014 13 1.74 1.480e-43 5.820e-58 1.990e-07 0.216 1.990e-07
K00041.02 0.010 10 1.83 2.530e-27 2.970e-32 1.870e-04 0.154 1.870e-04
K00041.03 0.010 28 1.92 6.550e-06 9.940e-08 8.220e-04 0.162 8.290e-04
K00042.01 0.017 18 2.85 4.200e-16 3.260e-13 3.230e-07 0.211 3.230e-07
K00043.01 nan nan nan nan nan nan nan nan 
K00044.01 0.104 573 0.50 5.010e-16 1.800e-01 1.120e-06 0.023 1.800e-01
K00045.01 0.128 1540 1.50 nan nan nan nan nan 
K00046.01 0.033 22 0.50 0.000e+00 0.000e+00 3.360e-07 0.101 3.360e-07
K00046.02 nan nan nan 3.090e-57 5.520e-48 1.040e-03 0.059 1.040e-03
K00048.01 nan nan nan nan nan nan nan nan 
K00049.01 0.026 52 0.50 3.050e-77 0.000e+00 1.370e-07 0.207 1.370e-07
K00051.01 0.479 305 0.69 nan nan nan nan nan 
K00052.01 0.198 1899 4.00 1.260e-02 2.250e-01 6.330e-02 0.011 3.010e-01
K00053.01 0.105 915 0.50 nan nan nan nan nan 
K00061.01 0.250 16 0.50 1.390e-89 1.550e-23 3.970e-34 0.001 0.000e+00
K00063.01 0.057 38 0.50 1.800e-21 3.250e-11 3.330e-07 0.060 3.330e-07
K00064.01 0.039 74 0.50 1.200e-02 3.270e-02 1.330e-02 0.065 5.800e-02
K00065.01 nan nan nan nan nan nan nan nan 
K00066.01 nan nan nan nan nan nan nan nan 
K00068.01 nan nan nan 1.790e-02 6.250e-01 3.450e-01 0.001 9.880e-01
K00069.01 0.016 6 3.90 3.650e-73 2.110e-99 1.540e-11 0.158 1.540e-11
K00070.01 0.030 37 0.50 1.160e-24 3.540e-24 4.740e-06 0.191 4.740e-06
K00070.02 0.022 27 0.50 4.410e-38 4.100e-48 8.540e-07 0.218 8.540e-07
K00070.03 0.026 70 0.50 1.470e-34 4.460e-25 1.580e-07 0.205 1.580e-07
K00070.04 0.008 26 0.81 6.520e-21 5.420e-35 2.710e-04 0.056 2.710e-04
K00070.05 0.010 47 1.02 1.250e-12 1.350e-08 4.830e-02 0.095 4.830e-02
K00072.01 nan nan nan 3.470e-30 2.380e-34 1.860e-04 0.141 1.860e-04
K00072.02 0.020 25 1.77 3.170e-44 3.250e-18 1.350e-07 0.216 1.350e-07
K00074.01 0.021 40 1.89 1.650e-36 3.250e-35 3.050e-03 0.100 3.050e-03
K00075.01 0.038 43 2.37 1.090e-95 1.820e-45 1.390e-02 0.071 1.390e-02
K00076.01 0.033 377 1.77 2.950e-19 6.990e-06 8.090e-06 0.052 1.510e-05
K00080.01 0.290 99 0.50 3.460e-02 9.420e-01 2.200e-02 0.001 9.980e-01
K00081.01 0.037 45 1.08 9.160e-254 6.770e-47 1.380e-56 0.052 0.000e+00
K00082.01 0.031 27 0.50 1.230e-49 4.130e-29 1.700e-07 0.209 1.700e-07
K00082.02 0.015 19 0.50 3.030e-53 2.210e-66 5.560e-06 0.118 5.560e-06
K00082.03 0.010 33 1.20 1.580e-24 7.000e-26 1.510e-03 0.064 1.510e-03
K00082.04 0.008 15 0.96 1.950e-48 7.070e-61 4.670e-04 0.021 4.670e-04
K00082.05 0.006 14 1.17 2.540e-52 2.190e-114 2.180e-02 0.001 2.180e-02
K00084.01 0.024 19 0.50 1.410e-71 6.890e-60 6.830e-08 0.219 6.830e-08
K00085.01 0.016 8 1.35 7.560e-45 1.070e-59 2.260e-15 0.210 2.220e-15
K00085.02 0.009 5 1.83 5.940e-46 2.890e-51 7.540e-07 0.133 7.540e-07
K00085.03 0.010 10 1.56 2.630e-14 2.130e-31 8.230e-05 0.146 8.230e-05
K00087.01 0.022 98 1.05 4.110e-08 1.080e-02 3.110e-05 0.218 1.080e-02
K00088.01 0.026 13 0.50 3.160e-23 3.050e-07 7.470e-01 0.191 7.470e-01
K00089.01 0.017 34 0.72 1.100e-08 8.350e-04 2.030e-08 0.103 8.350e-04
K00089.02 0.023 68 0.84 6.640e-02 4.500e-01 2.000e-03 0.065 5.180e-01
K00090.01 0.022 19 0.50 1.870e-181 5.470e-106 1.000e+00 0.201 1.000e+00
K00092.01 0.025 49 0.57 3.750e-03 5.450e-02 3.600e-06 0.202 5.830e-02
K00094.01 0.069 44 0.50 7.170e-41 1.090e-08 1.250e-17 0.067 1.090e-08
K00094.02 0.026 26 0.75 5.280e-29 7.240e-18 1.160e-06 0.125 1.160e-06
K00094.03 0.041 72 0.50 6.420e-26 4.080e-13 2.210e-09 0.051 2.210e-09
K00094.04 0.010 18 0.87 1.520e-44 3.470e-36 5.720e-04 0.148 5.720e-04
K00097.01 0.080 54 0.50 1.910e-82 3.940e-17 1.060e-09 0.051 1.060e-09
K00098.01 0.054 22 0.50 1.770e-60 1.950e-21 5.660e-35 0.077 0.000e+00
K00099.01 nan nan nan 4.630e-14 3.590e-07 1.510e-03 0.167 1.510e-03
K00099.02 nan nan nan nan nan nan nan nan 
K00100.01 0.052 41 0.50 2.470e-03 5.420e-01 6.100e-04 0.060 5.450e-01
K00102.01 0.028 13 2.31 1.250e-49 7.540e-41 7.950e-09 0.121 7.950e-09
K00102.02 0.009 22 2.34 3.200e-21 1.120e-16 2.880e-03 0.117 2.880e-03
K00103.01 0.027 50 0.50 1.440e-23 1.910e-31 3.850e-01 0.207 3.850e-01
K00104.01 0.038 22 0.50 3.640e-06 2.370e-04 4.980e-09 0.197 2.410e-04
K00105.01 0.031 27 0.50 1.040e-03 5.260e-03 3.860e-06 0.181 6.300e-03
K00106.01 0.232 40 0.50 1.790e-91 2.780e-44 1.050e-34 0.001 0.000e+00
K00107.01 0.019 21 0.50 2.540e-17 3.800e-23 6.850e-09 0.160 6.850e-09
K00108.01 0.020 22 0.50 4.370e-12 1.800e-05 4.280e-08 0.182 1.800e-05
K00108.02 0.036 66 0.78 1.570e-21 3.080e-19 5.070e-06 0.053 5.070e-06
K00109.01 0.241 93 4.00 4.710e-05 1.720e-04 1.000e+00 0.001 1.000e+00
K00110.01 0.021 19 0.50 3.610e-08 5.910e-03 1.350e-07 0.113 5.910e-03
K00111.01 0.021 22 0.50 9.020e-48 1.680e-28 1.520e-06 0.210 1.520e-06
K00111.02 0.021 21 0.50 2.000e-28 2.100e-24 1.670e-07 0.210 1.670e-07
K00111.03 0.024 41 0.54 2.710e-14 2.480e-13 2.930e-05 0.200 2.930e-05
K00111.04 nan nan nan nan nan nan nan nan 
K00112.01 0.025 34 0.50 1.560e-18 6.030e-15 9.760e-07 0.194 9.760e-07
K00112.02 0.011 16 0.69 5.320e-28 2.380e-22 6.100e-06 0.120 6.100e-06
K00113.01 nan nan nan 7.140e-01 2.860e-01 1.530e-05 0.001 1.000e+00
K00114.01 0.201 45 0.50 1.750e-11 1.490e-08 9.940e-01 0.001 9.940e-01
K00115.01 0.025 20 0.50 6.430e-54 1.480e-03 3.710e-11 0.098 1.480e-03
K00115.02 0.013 22 0.63 2.580e-07 1.220e-08 2.530e-06 0.218 2.800e-06
K00115.03 nan nan nan 1.030e-16 1.100e-08 7.050e-04 0.050 7.050e-04
K00116.01 0.021 42 0.57 3.450e-09 5.600e-04 3.120e-06 0.210 5.640e-04
K00116.02 0.022 45 0.54 8.730e-26 1.680e-15 1.360e-06 0.205 1.360e-06
K00116.03 0.007 19 1.77 9.840e-13 5.370e-14 3.520e-03 0.069 3.520e-03
K00116.04 nan nan nan 4.060e-16 1.730e-09 3.630e-03 0.096 3.630e-03
K00117.01 0.021 27 0.72 1.190e-35 1.230e-39 3.580e-04 0.178 3.580e-04
K00117.02 0.012 13 1.77 7.900e-50 2.610e-58 3.560e-06 0.178 3.560e-06
K00117.03 0.010 15 0.78 9.820e-33 2.620e-66 3.380e-05 0.151 3.380e-05
K00117.04 0.007 17 2.88 1.310e-16 6.610e-27 2.450e-04 0.101 2.450e-04
K00118.01 0.017 23 2.22 1.410e-19 2.480e-18 8.080e-05 0.209 8.080e-05
K00119.01 0.037 34 1.68 9.790e-74 9.370e-23 5.290e-05 0.057 5.290e-05
K00119.02 0.034 67 1.02 1.430e-20 4.540e-06 4.310e-04 0.053 4.350e-04
K00120.01 0.232 418 1.83 1.780e-01 6.690e-01 1.510e-01 0.001 9.980e-01
K00121.01 0.221 55 0.50 1.800e-04 3.970e-02 9.590e-01 0.001 9.990e-01
K00122.01 0.020 18 0.50 2.130e-06 2.440e-03 8.240e-08 0.189 2.450e-03
K00123.01 0.018 14 0.54 6.120e-20 8.180e-17 6.550e-06 0.202 6.550e-06
K00123.02 0.017 21 0.57 1.460e-72 6.480e-39 4.890e-12 0.208 4.890e-12
K00124.01 0.015 57 0.51 8.800e-23 2.420e-02 1.280e-09 0.212 2.420e-02
K00124.02 0.018 37 0.60 4.570e-04 6.840e-03 1.620e-07 0.197 7.300e-03
K00125.01 0.140 183 0.50 3.940e-21 2.250e-12 6.360e-07 0.073 6.360e-07
K00126.01 0.107 113 0.50 1.510e-86 5.680e-30 2.770e-05 0.043 2.770e-05
K00126.02 nan nan nan nan nan nan nan nan 
K00127.01 0.098 31 0.50 2.460e-64 3.560e-66 2.400e-12 0.069 2.400e-12
K00128.01 0.101 32 0.50 9.280e-34 2.930e-30 5.890e-09 0.073 5.890e-09
K00129.01 0.080 131 0.50 2.880e-26 1.900e-03 1.810e-07 0.056 1.900e-03
K00129.02 nan nan nan nan nan nan nan nan 
K00130.01 0.114 58 0.50 1.820e-02 2.750e-01 1.430e-04 0.016 2.930e-01
K00131.01 0.076 44 0.50 2.080e-78 1.590e-13 4.400e-21 0.056 1.590e-13
K00132.01 0.101 163 0.50 7.170e-03 5.520e-01 1.010e-03 0.043 5.600e-01
K00133.01 0.071 166 4.00 6.640e-103 2.150e-66 2.760e-02 0.067 2.760e-02
K00134.01 nan nan nan 4.480e-10 1.830e-09 1.960e-01 0.077 1.960e-01
K00135.01 0.082 23 0.50 1.870e-44 1.730e-45 9.450e-16 0.077 8.880e-16
K00136.01 0.099 99 0.50 3.090e-01 6.510e-01 1.410e-03 0.025 9.610e-01
K00137.01 0.043 28 0.50 5.500e-88 6.530e-07 4.530e-07 0.072 1.110e-06
K00137.02 0.052 47 0.50 1.810e-13 2.160e-03 1.060e-05 0.051 2.170e-03
K00137.03 0.016 25 0.54 2.510e-08 2.270e-11 1.150e-03 0.188 1.150e-03
K00138.01 0.132 93 0.50 6.420e-02 8.990e-01 2.380e-03 0.006 9.660e-01
K00139.01 0.060 165 0.75 3.480e-07 9.410e-05 8.700e-04 0.053 9.640e-04
K00139.02 0.015 16 0.63 1.300e-31 9.000e-63 1.590e-05 0.183 1.590e-05
K00140.01 0.040 164 0.50 8.920e-25 1.780e-03 4.260e-02 0.053 4.440e-02
K00141.01 0.053 33 0.50 4.880e-04 5.870e-03 3.220e-10 0.072 6.360e-03
K00142.01 nan nan nan 5.720e-13 1.950e-08 9.990e-01 0.154 9.990e-01
K00142.02 nan nan nan nan nan nan nan nan 
K00143.01 0.052 398 4.00 5.660e-02 2.350e-01 1.050e-01 0.075 3.960e-01
K00144.01 0.037 23 0.50 3.430e-223 0.000e+00 5.420e-03 0.179 5.420e-03
K00145.01 0.051 268 0.60 1.900e-33 9.550e-01 3.050e-03 0.004 9.580e-01
K00146.01 0.349 125 2.16 3.380e-05 2.330e-01 7.460e-01 0.001 9.790e-01
K00147.01 0.349 586 0.50 2.040e-01 7.910e-01 8.780e-04 0.001 9.960e-01
K00148.01 0.020 27 0.50 1.360e-68 2.890e-106 1.130e-04 0.185 1.130e-04
K00148.02 0.028 37 0.50 1.090e-71 2.430e-58 7.220e-06 0.207 7.220e-06
K00148.03 0.022 54 0.50 3.600e-37 1.510e-34 1.110e-04 0.200 1.110e-04
K00149.01 0.028 31 0.50 2.580e-81 1.210e-76 2.460e-07 0.090 2.460e-07
K00150.01 0.026 32 0.50 9.810e-15 2.470e-04 2.280e-05 0.155 2.700e-04
K00150.02 0.027 50 0.50 1.110e-07 5.920e-06 2.400e-06 0.150 8.430e-06
K00151.01 0.045 114 4.00 4.490e-02 5.630e-01 2.510e-01 0.053 8.590e-01
K00152.01 0.051 129 0.50 8.670e-23 1.310e-05 3.940e-05 0.066 5.240e-05
K00152.02 0.029 98 0.50 5.760e-11 2.950e-03 2.250e-07 0.053 2.950e-03
K00152.03 0.024 67 0.50 1.840e-06 5.360e-03 9.930e-06 0.084 5.380e-03
K00152.04 0.023 178 0.96 1.840e-02 1.030e-01 1.010e-02 0.095 1.310e-01
K00153.01 0.032 40 0.50 7.960e-45 8.690e-26 1.840e-05 0.207 1.840e-05
K00153.02 0.026 30 0.50 1.650e-68 7.920e-78 5.180e-05 0.208 5.180e-05
K00154.01 nan nan nan nan nan nan nan nan 
K00155.01 0.027 26 0.50 1.150e-130 4.850e-62 6.700e-05 0.150 6.700e-05
K00156.01 0.022 61 0.50 2.770e-54 4.070e-93 2.090e-01 0.121 2.090e-01
K00156.02 0.016 41 0.50 3.560e-63 1.110e-108 2.000e-04 0.105 2.000e-04
K00156.03 0.036 63 0.50 5.820e-39 8.850e-58 6.270e-05 0.210 6.270e-05
K00157.01 0.026 42 0.50 2.560e-31 4.620e-40 1.700e-04 0.194 1.700e-04
K00157.02 0.028 52 0.50 6.440e-32 1.150e-26 1.870e-04 0.169 1.870e-04
K00157.03 0.036 115 0.50 7.600e-06 7.970e-03 1.370e-04 0.099 8.110e-03
K00157.04 0.027 70 0.54 2.060e-20 4.930e-20 1.410e-03 0.188 1.410e-03
K00157.05 0.030 132 0.54 1.240e-28 6.280e-22 5.480e-06 0.151 5.480e-06
K00157.06 0.016 34 0.50 6.820e-40 4.820e-30 7.350e-06 0.183 7.350e-06
K00158.01 0.030 38 0.50 4.000e-11 1.410e-03 7.810e-04 0.055 2.200e-03
K00159.01 0.022 29 0.50 7.790e-33 5.120e-36 3.550e-07 0.206 3.550e-07
K00159.02 0.010 22 1.59 3.980e-05 7.120e-04 7.230e-03 0.112 7.990e-03
K00160.01 0.031 69 0.50 2.080e-02 3.860e-01 5.260e-03 0.051 4.120e-01
K00161.01 0.031 28 0.50 1.050e-22 2.620e-38 7.910e-11 0.203 7.910e-11
K00162.01 0.026 33 0.50 2.700e-10 1.980e-04 1.460e-05 0.122 2.130e-04
K00163.01 0.024 35 0.50 6.170e-60 2.010e-56 3.000e-06 0.197 3.000e-06
K00164.01 0.016 31 0.50 1.460e-10 6.300e-01 3.690e-01 0.197 9.990e-01
K00165.01 0.031 50 0.50 3.660e-39 1.130e-13 5.800e-06 0.201 5.800e-06
K00166.01 0.027 55 0.50 2.090e-07 1.020e-04 2.470e-05 0.216 1.270e-04
K00167.01 0.019 40 0.50 1.320e-32 1.140e-09 1.000e-06 0.124 1.000e-06
K00168.01 0.023 25 0.51 1.200e-40 1.310e-59 4.860e-04 0.113 4.860e-04
K00168.02 0.013 29 0.60 8.070e-37 9.620e-25 6.070e-07 0.217 6.070e-07
K00168.03 0.014 23 1.20 1.500e-34 7.400e-27 9.970e-01 0.212 9.970e-01
K00169.01 0.021 73 0.60 4.520e-04 5.130e-02 3.270e-03 0.214 5.500e-02
K00170.01 0.022 118 1.11 2.940e-05 4.250e-02 7.060e-02 0.073 1.130e-01
K00171.01 0.022 27 0.50 7.350e-129 5.670e-05 1.160e-06 0.089 5.790e-05
K00171.02 0.016 48 0.63 7.090e-05 9.750e-03 2.370e-04 0.182 1.010e-02
K00172.01 0.024 34 0.50 1.670e-82 1.030e-42 1.870e-04 0.210 1.870e-04
K00172.02 0.016 107 2.28 3.080e-43 2.210e-24 1.140e-03 0.164 1.140e-03
K00173.01 0.021 41 0.50 1.940e-44 1.360e-09 5.190e-05 0.201 5.190e-05
K00174.01 0.032 118 0.84 1.380e-06 8.860e-05 1.000e-04 0.212 1.900e-04
K00175.01 0.025 33 0.57 1.040e-04 8.730e-02 1.620e-02 0.087 1.040e-01
K00176.01 0.021 39 0.78 3.820e-18 1.750e-03 1.250e-05 0.127 1.760e-03
K00177.01 0.017 32 0.57 1.010e-22 1.040e-21 2.420e-02 0.201 2.420e-02
K00178.01 0.012 48 0.50 9.130e-39 8.550e-09 7.310e-05 0.218 7.320e-05
K00179.01 0.030 45 0.50 2.620e-222 3.270e-118 7.790e-10 0.075 7.790e-10
K00179.02 nan nan nan 6.260e-14 1.920e-05 2.620e-03 0.056 2.640e-03
K00180.01 0.023 34 0.50 3.010e-36 6.170e-34 3.070e-07 0.217 3.070e-07
K00181.01 0.156 790 0.50 6.210e-148 1.160e-01 5.300e-05 0.030 1.160e-01
K00182.01 0.136 391 0.50 1.260e-09 3.170e-04 2.810e-04 0.033 5.980e-04
K00183.01 0.125 43 0.50 1.230e-70 2.230e-77 8.100e-16 0.056 7.770e-16
K00184.01 0.109 317 0.50 3.080e-04 2.100e-02 2.130e-05 0.042 2.130e-02
K00185.01 nan nan nan nan nan nan nan nan 
K00186.01 0.121 46 0.50 7.960e-56 2.640e-48 4.780e-15 0.057 4.770e-15
K00187.01 0.146 336 0.50 1.830e-06 2.000e-02 5.730e-06 0.036 2.000e-02
K00188.01 0.112 44 0.50 2.460e-31 1.250e-15 2.730e-17 0.066 1.330e-15
K00189.01 0.135 118 0.50 7.470e-92 3.510e-44 3.590e-06 0.073 3.590e-06
K00190.01 0.112 151 0.50 3.230e-37 2.440e-12 1.010e-04 0.076 1.010e-04
K00191.01 0.119 115 4.00 9.820e-30 5.200e-19 1.950e-03 0.078 1.950e-03
K00191.02 0.027 49 2.43 4.230e-38 6.110e-20 4.880e-04 0.202 4.880e-04
K00191.03 0.014 36 2.46 2.390e-74 1.700e-81 7.090e-04 0.131 7.090e-04
K00191.04 0.023 179 4.00 7.260e-40 4.290e-16 1.070e-02 0.217 1.070e-02
K00192.01 0.092 43 0.50 2.780e-72 7.160e-06 2.450e-09 0.074 7.160e-06
K00193.01 0.135 283 0.50 1.030e-04 8.680e-02 2.800e-05 0.046 8.690e-02
K00194.01 0.133 325 0.50 5.290e-05 4.330e-04 3.150e-06 0.050 4.890e-04
K00195.01 0.119 63 0.50 3.120e-22 9.500e-11 2.880e-14 0.078 9.510e-11
K00196.01 0.099 90 0.50 3.000e-37 2.500e-42 1.240e-06 0.070 1.240e-06
K00197.01 0.093 81 0.50 3.930e-132 5.020e-14 2.270e-06 0.053 2.270e-06
K00198.01 0.159 251 0.50 1.130e-01 8.040e-01 4.960e-04 0.056 9.170e-01
K00199.01 0.095 46 0.50 3.580e-161 2.790e-52 1.830e-11 0.075 1.830e-11
K00199.02 0.013 82 0.50 5.870e-139 9.170e-52 8.800e-01 0.171 8.800e-01
K00200.01 0.088 50 0.50 4.580e-04 2.170e-02 1.700e-07 0.067 2.210e-02
K00201.01 0.079 28 0.50 2.450e-45 1.210e-29 1.330e-10 0.061 1.330e-10
K00202.01 0.102 73 0.50 1.600e-12 2.350e-04 1.460e-08 0.067 2.350e-04
K00203.01 0.133 90 0.50 1.720e-102 9.930e-115 3.420e-19 0.065 0.000e+00
K00204.01 0.080 51 0.50 2.290e-40 7.550e-05 1.010e-08 0.076 7.550e-05
K00205.01 0.097 67 0.50 2.300e-06 8.920e-05 4.040e-05 0.067 1.320e-04
K00206.01 0.065 42 0.50 1.880e-91 1.870e-37 7.270e-29 0.072 0.000e+00
K00208.01 0.090 129 0.50 3.460e-41 1.120e-08 3.470e-15 0.056 1.120e-08
K00209.01 0.071 95 0.50 6.310e-175 3.200e-44 7.940e-06 0.070 7.940e-06
K00209.02 0.048 55 0.50 1.730e-64 8.410e-41 2.290e-06 0.052 2.290e-06
K00210.01 0.146 168 0.50 1.010e-01 7.510e-01 7.790e-04 0.050 8.530e-01
K00211.01 0.084 269 0.50 1.240e-03 1.280e-02 1.540e-05 0.073 1.410e-02
K00212.01 0.067 67 0.50 2.290e-58 2.390e-08 3.830e-09 0.069 2.770e-08
K00213.01 0.472 8159 0.50 7.140e-02 9.230e-01 1.610e-04 0.001 9.950e-01
K00214.01 0.089 79 0.50 4.320e-02 2.040e-01 1.170e-04 0.070 2.470e-01
K00215.01 0.423 225 0.50 1.400e-01 8.560e-01 6.680e-04 0.001 9.970e-01
K00216.01 0.067 136 0.50 1.150e-09 7.420e-12 6.800e-05 0.050 6.800e-05
K00216.02 0.016 100 0.60 7.180e-16 2.980e-22 3.230e-03 0.134 3.230e-03
K00217.01 0.136 55 0.50 7.460e-41 7.230e-44 9.520e-16 0.074 9.990e-16
K00218.01 0.218 1560 0.50 4.980e-90 1.570e-168 3.330e-05 0.055 3.330e-05
K00219.01 0.052 56 0.50 2.300e-290 1.980e-39 3.360e-06 0.052 3.360e-06
K00220.01 0.040 26 0.50 1.580e-73 1.080e-40 2.030e-05 0.078 2.030e-05
K00220.02 0.010 28 0.78 9.940e-47 1.290e-18 6.360e-06 0.122 6.360e-06
K00221.01 0.058 48 0.50 1.370e-139 1.810e-78 6.170e-09 0.063 6.170e-09
K00221.02 0.010 50 2.40 8.770e-54 3.500e-87 8.730e-04 0.081 8.730e-04
K00222.01 0.033 73 0.50 7.110e-86 1.070e-118 1.020e-05 0.211 1.020e-05
K00222.02 0.026 84 0.50 8.390e-45 9.600e-89 7.620e-05 0.197 7.620e-05
K00223.01 0.035 56 0.50 1.160e-24 8.850e-17 8.180e-11 0.176 8.180e-11
K00223.02 0.036 148 0.51 8.150e-08 6.440e-05 1.150e-04 0.168 1.800e-04
K00224.01 0.291 208 0.50 5.060e-02 8.080e-01 1.370e-01 0.001 9.960e-01
K00225.01 0.335 95 0.50 2.870e-03 5.230e-01 1.510e-01 0.001 6.770e-01
K00226.01 0.031 55 0.50 1.400e-96 1.060e-64 1.350e-05 0.202 1.350e-05
K00227.01 nan nan nan 1.080e-24 6.180e-26 1.000e+00 0.202 1.000e+00
K00229.01 0.051 39 0.50 1.800e-35 8.900e-03 1.430e-05 0.052 8.910e-03
K00230.01 0.352 636 0.50 4.640e-03 9.850e-01 9.330e-03 0.001 9.990e-01
K00231.01 0.375 5250 0.50 1.030e-01 8.870e-01 5.040e-04 0.005 9.910e-01
K00232.01 0.045 48 0.50 1.650e-29 2.190e-05 5.680e-07 0.051 2.240e-05
K00232.02 0.017 25 0.50 1.300e-94 1.760e-03 1.680e-06 0.205 1.760e-03
K00232.03 0.016 66 0.66 4.350e-13 3.670e-04 3.600e-05 0.213 4.030e-04
K00232.04 0.016 75 1.68 1.580e-17 5.710e-04 7.480e-03 0.211 8.050e-03
K00232.05 0.017 78 1.53 3.910e-32 5.170e-06 6.180e-04 0.209 6.240e-04
K00233.01 0.077 112 0.50 7.790e-52 9.040e-45 2.950e-10 0.071 2.950e-10
K00234.01 0.028 40 0.50 1.400e-128 1.480e-38 1.800e-05 0.187 1.800e-05
K00235.01 0.024 45 0.50 8.200e-48 9.690e-30 4.430e-06 0.217 4.430e-06
K00236.01 0.343 110 4.00 0.000e+00 0.000e+00 1.000e+00 0.001 1.000e+00
K00237.01 0.023 38 0.50 3.360e-17 1.120e-03 1.030e-05 0.156 1.130e-03
K00238.01 0.021 43 0.50 4.540e-28 7.470e-22 3.100e-06 0.206 3.100e-06
K00238.02 0.011 61 1.77 1.120e-09 6.800e-08 6.430e-04 0.130 6.430e-04
K00238.03 nan nan nan nan nan nan nan nan 
K00239.01 0.038 49 0.50 2.570e-17 6.150e-54 6.360e-06 0.083 6.360e-06
K00239.02 0.012 49 0.81 3.470e-06 1.810e-04 9.230e-04 0.144 1.110e-03
K00240.01 0.037 118 0.50 1.520e-88 8.270e-93 2.220e-05 0.055 2.220e-05
K00241.01 0.032 63 0.50 1.340e-60 1.490e-51 1.730e-05 0.203 1.730e-05
K00241.02 0.017 87 0.60 2.620e-25 3.720e-18 1.380e-04 0.137 1.380e-04
K00241.03 0.011 33 2.85 1.260e-96 7.090e-102 1.290e-04 0.083 1.290e-04
K00242.01 0.057 89 0.50 9.470e-223 3.050e-114 1.210e-10 0.052 1.210e-10
K00243.01 nan nan nan nan nan nan nan nan 
K00244.01 0.034 17 2.34 5.510e-03 1.030e-01 7.130e-05 0.080 1.080e-01
K00244.02 0.018 9 1.98 1.390e-53 4.570e-26 8.840e-09 0.205 8.840e-09
K00245.01 0.022 19 3.30 3.150e-99 6.220e-39 5.160e-05 0.188 5.160e-05
K00245.02 0.008 15 3.60 2.430e-34 5.710e-37 2.200e-04 0.034 2.200e-04
K00245.03 nan nan nan 6.310e-29 8.080e-28 1.000e+00 0.001 1.000e+00
K00245.04 nan nan nan nan nan nan nan nan 
K00246.01 0.017 8 2.28 3.860e-41 4.400e-22 3.110e-15 0.216 3.220e-15
K00246.02 0.007 13 3.00 3.260e-08 7.910e-08 9.930e-04 0.085 9.930e-04
K00247.01 0.038 146 3.60 5.600e-17 1.020e-29 1.300e-01 0.218 1.300e-01
K00248.01 0.046 109 0.50 9.520e-52 3.920e-87 9.050e-03 0.195 9.050e-03
K00248.02 0.289 152 0.50 1.320e-18 6.880e-36 7.900e-01 0.042 7.900e-01
K00248.03 0.034 74 0.50 2.790e-42 1.850e-82 3.450e-03 0.218 3.450e-03
K00248.04 0.028 177 1.11 3.460e-07 1.190e-07 5.860e-02 0.179 5.860e-02
K00249.01 0.045 96 0.50 1.620e-50 4.860e-44 1.630e-06 0.218 1.630e-06
K00250.01 0.056 138 0.50 2.110e-43 3.890e-50 9.630e-04 0.136 9.630e-04
K00250.02 0.053 191 0.50 6.460e-06 1.730e-05 9.500e-04 0.153 9.740e-04
K00250.03 0.018 81 0.75 4.120e-53 9.780e-120 1.410e-04 0.110 1.410e-04
K00250.04 0.041 346 0.60 1.260e-06 1.750e-04 8.260e-05 0.204 2.590e-04
K00251.01 0.048 97 0.50 1.440e-49 5.800e-118 5.460e-08 0.202 5.460e-08
K00251.02 0.018 118 1.92 4.640e-40 1.140e-58 3.340e-03 0.094 3.340e-03
K00252.01 0.049 224 0.50 2.060e-53 3.600e-57 7.880e-04 0.195 7.880e-04
K00253.01 0.042 192 0.90 2.030e-12 1.390e-15 1.840e-04 0.197 1.840e-04
K00253.02 0.023 289 1.14 4.340e-25 1.420e-22 1.160e-03 0.150 1.160e-03
K00254.01 0.183 121 0.50 7.530e-25 8.460e-39 8.460e-11 0.074 8.460e-11
K00255.01 0.045 166 0.50 1.170e-65 1.070e-97 1.510e-04 0.203 1.510e-04
K00255.02 0.013 140 4.20 1.700e-19 1.710e-29 2.510e-01 0.043 2.510e-01
K00256.01 nan nan nan nan nan nan nan nan 
K00257.01 0.021 13 2.19 9.020e-04 1.400e-02 3.090e-08 0.204 1.490e-02
K00258.01 0.283 183 1.05 1.400e-124 3.080e-85 1.000e+00 0.001 1.000e+00
K00259.01 0.146 423 4.20 1.850e-01 7.790e-01 3.800e-05 0.001 9.640e-01
K00260.01 0.010 14 2.04 6.220e-33 2.250e-32 2.040e-05 0.146 2.040e-05
K00260.02 0.017 70 2.04 3.050e-32 1.760e-32 2.520e-05 0.211 2.520e-05
K00260.03 0.011 20 2.34 4.680e-19 2.860e-16 1.230e-02 0.151 1.230e-02
K00261.01 0.026 28 0.96 1.740e-37 6.620e-21 4.920e-06 0.207 4.920e-06
K00262.01 0.009 12 2.19 3.270e-15 1.770e-39 1.000e+00 0.160 1.000e+00
K00262.02 0.011 26 1.65 1.190e-02 6.470e-01 2.290e-01 0.182 8.880e-01
K00263.01 0.014 45 2.13 8.580e-36 7.090e-05 1.330e-04 0.217 2.040e-04
K00264.01 0.011 28 0.50 2.070e-24 7.410e-18 4.560e-02 0.177 4.560e-02
K00265.01 0.009 11 0.69 2.500e-29 1.190e-53 5.430e-05 0.118 5.430e-05
K00266.01 0.012 20 0.93 8.340e-02 2.960e-03 8.280e-03 0.210 9.460e-02
K00266.02 nan nan nan nan nan nan nan nan 
K00267.01 nan nan nan nan nan nan nan nan 
K00268.01 0.020 84 1.53 0.000e+00 2.310e-39 6.530e-08 0.167 6.530e-08
K00269.01 0.012 13 1.92 2.000e-28 2.280e-42 1.200e-02 0.184 1.200e-02
K00270.01 0.010 14 1.29 2.340e-56 4.070e-65 3.350e-09 0.152 3.350e-09
K00270.02 0.012 24 1.32 1.700e-40 4.830e-26 3.820e-05 0.199 3.820e-05
K00271.01 0.018 39 1.05 1.920e-35 1.260e-17 9.440e-05 0.202 9.440e-05
K00271.02 0.016 27 1.14 1.200e-31 9.710e-35 5.150e-08 0.212 5.150e-08
K00271.03 0.011 17 0.99 2.970e-05 2.530e-06 3.040e-05 0.163 6.260e-05
K00272.01 nan nan nan 3.330e-03 2.070e-01 4.610e-01 0.143 6.710e-01
K00273.01 0.018 19 0.57 1.150e-03 5.700e-02 7.640e-05 0.210 5.820e-02
K00274.01 0.007 16 1.44 2.710e-23 5.500e-31 1.000e+00 0.131 1.000e+00
K00274.02 0.007 20 2.10 1.450e-07 5.890e-06 3.930e-03 0.118 3.940e-03
K00275.01 0.014 24 0.66 1.990e-269 2.000e-85 5.930e-07 0.215 5.930e-07
K00275.02 0.015 46 1.56 1.000e-166 8.860e-26 3.510e-04 0.206 3.510e-04
K00276.01 0.019 26 0.50 7.460e-07 9.860e-04 8.070e-06 0.211 9.950e-04
K00277.01 0.022 18 0.54 1.860e-169 9.210e-38 1.000e+00 0.101 1.000e+00
K00277.02 0.008 13 1.80 1.190e-43 0.000e+00 1.000e+00 0.141 1.000e+00
K00279.01 0.035 68 0.50 1.630e-38 9.570e-40 3.490e-12 0.051 3.490e-12
K00279.02 0.014 35 0.75 2.130e-33 9.250e-42 1.930e-06 0.211 1.930e-06
K00279.03 nan nan nan 1.930e-24 1.310e-36 4.950e-03 0.067 4.950e-03
K00280.01 0.020 15 1.38 5.510e-04 1.580e-02 1.100e-05 0.216 1.640e-02
K00281.01 0.017 15 0.69 3.340e-87 1.140e-70 2.390e-06 0.206 2.390e-06
K00282.01 0.023 21 0.50 6.200e-24 9.980e-16 2.190e-08 0.195 2.190e-08
K00282.02 0.008 13 0.84 3.300e-11 1.180e-11 3.210e-05 0.099 3.210e-05
K00282.03 0.015 65 0.87 2.450e-02 3.870e-01 3.570e-02 0.198 4.470e-01
K00283.01 0.019 21 0.93 1.930e-05 4.480e-04 5.970e-05 0.203 5.270e-04
K00283.02 0.007 24 1.80 4.050e-28 7.060e-38 6.750e-03 0.049 6.750e-03
K00283.03 nan nan nan nan nan nan nan nan 
K00284.01 0.016 25 1.02 1.490e-04 2.470e-03 1.360e-04 0.190 2.750e-03
K00284.02 0.011 11 0.84 7.550e-47 1.180e-33 2.770e-06 0.129 2.770e-06
K00284.03 0.009 14 0.99 1.010e-18 8.910e-11 1.490e-03 0.101 1.490e-03
K00284.04 0.011 66 7.80 2.920e-05 3.400e-03 2.790e-03 0.126 6.210e-03
K00285.01 0.020 17 0.54 4.290e-61 4.380e-27 1.040e-10 0.140 1.040e-10
K00285.02 0.014 26 1.02 6.970e-42 6.820e-50 2.380e-05 0.206 2.380e-05
K00285.03 0.012 38 1.65 4.200e-71 8.340e-52 3.400e-05 0.216 3.400e-05
K00286.01 0.012 74 0.50 1.410e-27 4.060e-21 1.000e+00 0.207 1.000e+00
K00287.01 0.107 544 4.00 1.920e-01 8.060e-01 2.340e-05 0.007 9.980e-01
K00288.01 0.014 15 2.43 5.860e-22 1.310e-31 1.330e-07 0.182 1.330e-07
K00289.01 0.020 31 0.57 1.020e-286 1.240e-199 1.570e-10 0.214 1.570e-10
K00289.02 0.048 171 0.50 2.090e-83 1.350e-20 6.270e-06 0.051 6.270e-06
K00290.01 0.018 57 0.50 5.020e-03 6.930e-02 1.590e-02 0.100 9.020e-02
K00291.01 0.018 39 0.87 1.100e-27 3.300e-11 3.030e-05 0.203 3.030e-05
K00291.02 0.012 33 1.56 5.300e-04 1.760e-02 9.690e-03 0.177 2.780e-02
K00292.01 0.015 17 0.51 2.520e-50 8.680e-24 3.060e-05 0.156 3.060e-05
K00293.01 0.010 13 0.50 5.430e-09 8.760e-02 7.730e-03 0.209 9.540e-02
K00294.01 0.020 46 0.63 1.170e-08 1.510e-03 4.970e-06 0.148 1.510e-03
K00295.01 0.015 22 0.50 5.500e-80 1.230e-16 1.850e-09 0.214 1.850e-09
K00295.02 0.012 35 3.00 7.840e-05 6.940e-04 4.530e-04 0.163 1.220e-03
K00296.01 0.020 46 0.84 5.320e-37 1.210e-03 1.440e-06 0.209 1.210e-03
K00297.01 0.012 17 0.81 8.470e-62 1.130e-08 1.260e-06 0.175 1.280e-06
K00298.01 0.016 72 0.72 nan nan nan nan nan 
K00298.02 0.016 105 1.56 nan nan nan nan nan 
K00299.01 0.016 32 0.50 3.270e-161 1.300e-277 2.810e-06 0.149 2.810e-06
K00300.01 0.011 12 2.19 1.710e-95 3.030e-118 1.000e+00 0.150 1.000e+00
K00301.01 0.013 13 0.78 2.250e-27 5.700e-04 1.270e-05 0.202 5.830e-04
K00301.02 0.009 20 2.61 5.240e-17 2.370e-04 6.180e-04 0.185 8.560e-04
K00302.01 0.026 67 0.50 2.180e-15 2.100e-19 1.820e-23 0.051 2.220e-15
K00302.02 nan nan nan nan nan nan nan nan 
K00303.01 0.025 53 0.50 9.830e-24 1.720e-10 1.900e-07 0.200 1.900e-07
K00304.01 0.022 25 0.50 2.390e-03 9.090e-03 4.600e-08 0.179 1.150e-02
K00304.02 nan nan nan 9.410e-14 6.080e-09 5.920e-02 0.034 5.920e-02
K00305.01 0.022 30 0.50 1.110e-49 3.590e-67 1.240e-05 0.184 1.240e-05
K00306.01 0.024 70 0.50 3.460e-05 4.590e-04 3.320e-05 0.209 5.260e-04
K00307.01 0.014 31 0.84 3.300e-07 1.630e-06 1.360e-03 0.160 1.360e-03
K00307.02 0.009 12 0.69 1.180e-55 2.140e-76 2.180e-05 0.102 2.180e-05
K00308.01 0.029 82 0.50 4.040e-15 2.410e-20 4.450e-02 0.137 4.450e-02
K00309.01 0.006 12 0.50 7.400e-85 1.850e-105 1.570e-01 0.001 1.570e-01
K00311.01 nan nan nan 4.320e-77 8.890e-02 1.060e-02 0.052 9.950e-02
K00312.01 0.014 23 0.50 4.470e-04 3.200e-03 8.130e-05 0.190 3.730e-03
K00312.02 0.014 26 0.99 3.560e-05 3.010e-05 8.510e-05 0.180 1.510e-04
K00313.01 0.025 38 0.50 3.650e-16 2.110e-13 2.300e-06 0.218 2.300e-06
K00313.02 0.020 25 0.60 2.500e-57 2.850e-104 1.550e-07 0.172 1.550e-07
K00314.01 0.024 40 0.50 2.420e-110 5.070e-128 2.500e-05 0.132 2.500e-05
K00314.02 0.024 77 0.50 1.870e-15 4.460e-14 9.270e-01 0.128 9.270e-01
K00314.03 0.010 34 1.53 1.360e-108 6.660e-103 9.970e-01 0.004 9.970e-01
K00315.01 0.031 63 0.50 2.400e-33 2.820e-130 1.000e+00 0.213 1.000e+00
K00316.01 0.021 32 2.70 2.890e-46 3.330e-24 5.480e-09 0.198 5.480e-09
K00316.02 0.027 93 4.20 1.200e-06 1.850e-02 5.200e-03 0.145 2.370e-02
K00316.03 0.018 39 3.30 2.320e-03 2.000e-02 1.000e-02 0.212 3.230e-02
K00317.01 0.020 54 0.63 1.630e-43 4.080e-08 4.780e-14 0.090 4.080e-08
K00318.01 0.032 378 0.50 4.060e-40 1.830e-15 2.250e-14 0.074 2.430e-14
K00319.01 0.047 42 0.50 7.330e-03 4.980e-01 3.340e-04 0.071 5.060e-01
K00320.01 0.168 12 0.50 1.140e-06 3.810e-01 6.160e-01 0.001 9.970e-01
K00321.01 0.012 16 0.50 5.480e-59 1.410e-82 3.170e-03 0.127 3.170e-03
K00321.02 nan nan nan 1.460e-32 5.780e-58 7.580e-04 0.046 7.580e-04
K00322.01 0.216 1287 1.77 nan nan nan nan nan 
K00323.01 0.023 34 0.50 4.920e-15 2.240e-21 5.250e-06 0.214 5.250e-06
K00324.01 nan nan nan 3.440e-54 5.950e-45 1.000e+00 0.206 1.000e+00
K00325.01 0.033 33 3.60 9.110e-10 2.330e-02 9.400e-01 0.099 9.630e-01
K00326.01 0.028 99 0.69 2.170e-187 2.410e-208 5.060e-04 0.195 5.060e-04
K00326.02 0.026 355 1.17 3.210e-75 4.090e-58 8.900e-03 0.185 8.900e-03
K00327.01 0.012 13 0.50 1.120e-52 2.200e-67 1.430e-10 0.133 1.430e-10
K00327.02 0.013 87 2.01 5.500e-26 2.860e-33 3.110e-05 0.155 3.110e-05
K00328.01 0.195 21 0.50 6.300e-03 7.160e-01 2.690e-01 0.013 9.910e-01
K00329.01 0.197 92 4.00 9.630e-116 6.030e-69 1.000e+00 0.001 1.000e+00
K00330.01 0.016 32 0.57 1.890e-97 4.240e-22 7.120e-08 0.216 7.120e-08
K00330.02 0.008 14 1.26 7.920e-77 1.400e-89 1.010e-14 0.105 1.020e-14
K00331.01 0.019 48 0.60 7.980e-153 7.830e-35 5.310e-05 0.204 5.310e-05
K00332.01 0.015 17 0.57 9.380e-87 7.440e-56 1.360e-05 0.213 1.360e-05
K00332.02 0.006 19 1.38 6.800e-31 5.040e-32 6.820e-04 0.055 6.820e-04
K00333.01 0.018 57 0.60 1.160e-105 1.130e-08 8.690e-08 0.160 9.820e-08
K00334.01 0.016 105 0.50 6.910e-12 1.340e-03 9.990e-01 0.213 1.000e+00
K00335.01 0.027 108 0.50 0.000e+00 0.000e+00 8.910e-05 0.065 8.910e-05
K00336.01 0.012 54 1.11 5.330e-03 8.660e-01 1.240e-01 0.207 9.950e-01
K00337.01 0.018 54 0.66 1.500e-69 5.380e-14 2.470e-05 0.215 2.470e-05
K00337.02 nan nan nan nan nan nan nan nan 
K00338.01 0.020 31 0.54 nan nan nan nan nan 
K00338.02 0.008 25 2.07 nan nan nan nan nan 
K00339.01 0.016 25 0.50 8.340e-85 2.930e-26 4.990e-06 0.219 4.990e-06
K00339.02 0.016 46 0.69 9.560e-13 1.470e-04 3.270e-05 0.219 1.800e-04
K00339.03 0.020 57 0.72 4.250e-48 9.780e-09 3.890e-03 0.201 3.890e-03
K00340.01 0.143 700 0.50 2.690e-04 4.090e-05 2.960e-04 0.045 6.060e-04
K00341.01 0.027 44 0.50 6.680e-70 3.390e-104 2.970e-08 0.201 2.970e-08
K00341.02 0.016 33 1.98 8.950e-46 1.020e-49 3.500e-05 0.159 3.500e-05
K00343.01 0.020 31 0.50 3.500e-45 4.960e-51 9.830e-08 0.201 9.830e-08
K00343.02 0.015 14 0.50 6.520e-28 5.880e-21 1.500e-04 0.201 1.500e-04
K00343.03 0.011 50 1.65 1.090e-14 4.540e-10 1.290e-04 0.138 1.290e-04
K00344.01 0.031 67 0.50 9.180e-45 1.450e-19 9.600e-07 0.143 9.600e-07
K00345.01 0.032 67 0.60 4.940e-27 1.700e-34 1.870e-04 0.207 1.870e-04
K00346.01 0.030 66 0.50 3.640e-09 1.300e-06 1.920e-04 0.203 1.930e-04
K00347.01 0.197 651 0.50 4.010e-01 5.910e-01 1.790e-04 0.001 9.920e-01
K00348.01 0.039 82 0.50 6.940e-36 6.110e-35 5.180e-04 0.181 5.180e-04
K00349.01 0.022 54 0.54 3.020e-04 9.230e-03 1.310e-05 0.206 9.540e-03
K00350.01 0.023 57 0.81 1.590e-06 5.520e-02 4.160e-02 0.199 9.680e-02
K00351.01 0.087 467 0.50 1.080e-05 5.530e-02 8.170e-06 0.074 5.530e-02
K00351.02 nan nan nan 3.990e-13 1.490e-08 1.310e-04 0.061 1.310e-04
K00351.03 nan nan nan 2.080e-11 7.410e-06 3.160e-06 0.162 1.060e-05
K00351.04 nan nan nan 2.400e-09 9.260e-04 1.880e-04 0.191 1.110e-03
K00351.05 nan nan nan 7.960e-15 3.500e-04 6.930e-05 0.175 4.190e-04
K00351.06 nan nan nan 2.870e-24 1.390e-08 9.360e-05 0.154 9.360e-05
K00351.07 nan nan nan 5.270e-06 1.060e-02 8.580e-01 0.090 8.690e-01
K00352.01 0.020 62 0.60 1.360e-04 2.200e-02 3.390e-04 0.193 2.250e-02
K00352.02 0.017 106 1.35 8.190e-02 5.810e-01 6.780e-02 0.204 7.310e-01
K00353.01 0.064 474 0.50 6.480e-02 3.840e-01 3.940e-04 0.072 4.500e-01
K00353.02 0.017 168 0.81 3.650e-03 1.360e-02 2.770e-06 0.145 1.730e-02
K00353.03 nan nan nan nan nan nan nan nan 
K00354.01 0.022 38 0.50 4.840e-37 1.350e-41 1.360e-06 0.216 1.360e-06
K00354.02 0.011 24 0.84 1.540e-23 2.360e-40 1.000e+00 0.107 1.000e+00
K00355.01 0.017 22 0.50 4.970e-34 4.280e-44 3.700e-07 0.213 3.700e-07
K00356.01 0.032 19 0.50 2.320e-61 3.370e-53 1.570e-08 0.167 1.570e-08
K00358.01 0.209 1220 0.50 2.880e-02 8.110e-01 1.410e-03 0.001 8.410e-01
K00359.01 0.026 102 2.07 4.400e-115 3.460e-31 4.120e-03 0.195 4.120e-03
K00360.01 0.015 50 5.70 1.570e-54 2.950e-142 1.000e+00 0.169 1.000e+00
K00361.01 0.013 24 0.50 9.930e-56 2.270e-50 2.150e-06 0.133 2.150e-06
K00362.01 0.132 168 4.00 1.910e-89 5.310e-06 1.230e-05 0.017 1.760e-05
K00363.01 0.278 46 0.50 2.320e-81 8.140e-53 1.000e+00 0.001 1.000e+00
K00364.01 nan nan nan nan nan nan nan nan 
K00365.01 0.023 52 0.84 3.680e-39 2.180e-34 5.550e-06 0.218 5.550e-06
K00365.02 nan nan nan nan nan nan nan nan 
K00366.01 0.064 111 0.50 2.460e-01 4.280e-02 6.880e-04 0.040 2.890e-01
K00367.01 0.042 42 0.50 1.280e-02 2.250e-01 1.690e-05 0.088 2.380e-01
K00368.01 0.084 40 0.60 2.790e-16 4.490e-10 2.180e-05 0.055 2.180e-05
K00369.01 0.011 19 2.82 5.350e-04 2.900e-04 5.450e-03 0.206 6.280e-03
K00369.02 0.011 25 0.90 6.990e-05 2.780e-03 5.160e-05 0.204 2.900e-03
K00370.01 0.019 29 0.75 8.980e-19 2.800e-16 7.780e-05 0.115 7.780e-05
K00370.02 0.014 24 0.81 5.060e-04 9.840e-03 2.340e-03 0.195 1.270e-02
K00371.01 0.054 298 1.59 7.310e-01 2.240e-01 3.280e-03 0.055 9.580e-01
K00371.02 nan nan nan nan nan nan nan nan 
K00372.01 0.082 346 0.50 1.940e-36 5.000e-37 4.800e-06 0.053 4.800e-06
K00373.01 0.023 67 0.78 3.720e-26 6.130e-24 1.110e-05 0.209 1.110e-05
K00374.01 0.024 49 0.84 1.630e-24 1.570e-13 3.590e-06 0.186 3.590e-06
K00375.01 nan nan nan 4.320e-02 3.480e-01 3.960e-03 0.069 3.950e-01
K00376.01 nan nan nan 2.000e-01 7.160e-01 8.280e-02 0.001 9.990e-01
K00376.02 0.034 345 0.50 9.230e-03 3.380e-01 3.010e-02 0.052 3.770e-01
K00377.01 nan nan nan 4.300e-09 1.560e-06 9.580e-01 0.054 9.580e-01
K00377.02 nan nan nan 8.140e-24 2.680e-18 1.000e+00 0.054 1.000e+00
K00377.03 nan nan nan 4.750e-29 1.390e-34 1.850e-03 0.147 1.850e-03
K00378.01 0.274 509 0.50 1.120e-05 1.590e-01 8.400e-01 0.001 9.990e-01
K00379.01 0.016 52 0.50 5.790e-56 2.750e-21 9.320e-05 0.196 9.320e-05
K00379.02 0.011 75 3.30 7.610e-19 1.560e-05 2.060e-01 0.113 2.060e-01
K00380.01 0.036 72 0.50 1.720e-09 2.280e-01 1.350e-01 0.053 3.630e-01
K00381.01 0.311 190 0.50 2.450e-04 9.910e-01 3.260e-03 0.001 9.950e-01
K00382.01 0.062 85 4.00 7.430e-04 4.950e-01 4.890e-01 0.079 9.850e-01
K00383.01 nan nan nan nan nan nan nan nan 
K00384.01 0.016 19 0.50 5.840e-62 1.140e-21 3.840e-05 0.193 3.840e-05
K00385.01 0.019 43 0.54 6.060e-35 5.390e-10 5.540e-06 0.217 5.540e-06
K00386.01 0.028 74 0.50 2.230e-03 5.190e-03 1.740e-05 0.059 7.440e-03
K00386.02 0.025 139 0.87 2.390e-03 1.380e-02 1.110e-04 0.073 1.630e-02
K00387.01 0.034 49 0.50 1.410e-297 0.000e+00 9.440e-06 0.210 9.440e-06
K00388.01 0.018 28 0.50 0.000e+00 5.930e-159 1.570e-05 0.202 1.570e-05
K00389.01 0.017 67 0.50 6.510e-59 2.150e-64 1.000e+00 0.164 1.000e+00
K00390.01 0.016 25 0.50 4.210e-63 5.550e-24 1.000e+00 0.166 1.000e+00
K00391.01 0.241 43 1.77 0.000e+00 0.000e+00 1.000e+00 0.001 1.000e+00
K00392.01 0.019 53 0.81 5.450e-28 5.240e-24 2.830e-04 0.205 2.830e-04
K00392.02 0.010 40 3.30 1.270e-24 4.430e-19 3.900e-03 0.130 3.900e-03
K00393.01 0.016 40 1.62 2.530e-25 6.530e-11 5.960e-05 0.180 5.960e-05
K00394.01 0.245 404 0.50 3.450e-05 6.530e-01 3.450e-01 0.001 9.980e-01
K00395.01 0.033 59 0.50 5.450e-02 7.440e-01 2.420e-02 0.050 8.230e-01
K00396.01 nan nan nan nan nan nan nan nan 
K00397.01 0.201 167 1.86 2.640e-01 7.230e-01 1.150e-02 0.001 9.980e-01
K00398.01 0.098 355 0.50 2.140e-21 2.750e-13 1.800e-04 0.059 1.800e-04
K00398.02 0.039 113 0.50 8.190e-87 2.200e-61 7.260e-06 0.154 7.260e-06
K00398.03 0.023 61 0.50 2.120e-57 2.040e-72 1.120e-05 0.205 1.120e-05
K00399.01 0.501 11470 0.50 3.110e-02 9.430e-01 1.610e-04 0.001 9.750e-01
K00400.01 0.365 200 0.50 6.920e-12 1.370e-03 8.400e-01 0.001 8.410e-01
K00401.01 0.043 95 0.50 1.610e-42 1.220e-25 3.530e-05 0.101 3.530e-05
K00401.02 0.039 266 0.50 6.420e-05 5.630e-03 1.740e-05 0.130 5.710e-03
K00401.03 0.017 113 1.05 7.690e-38 1.950e-35 3.670e-03 0.156 3.670e-03
K00402.01 0.148 548 0.50 1.630e-249 4.710e-21 9.070e-04 0.052 9.070e-04
K00403.01 0.040 362 4.00 1.410e-01 3.060e-01 3.490e-01 0.052 7.960e-01
K00404.01 0.966 129 0.50 1.370e-11 8.560e-01 5.230e-02 0.001 9.090e-01
K00405.01 0.162 829 0.50 9.160e-17 6.590e-02 1.240e-03 0.040 6.710e-02
K00406.01 nan nan nan nan nan nan nan nan 
K00407.01 0.073 1050 0.50 2.900e-19 2.650e-01 7.500e-04 0.077 2.660e-01
K00408.01 0.037 90 0.50 1.540e-30 9.010e-52 5.840e-06 0.123 5.840e-06
K00408.02 0.029 101 0.50 3.260e-43 2.450e-16 6.050e-06 0.192 6.050e-06
K00408.03 0.031 173 0.54 5.370e-23 1.220e-08 7.960e-05 0.176 7.960e-05
K00408.04 0.013 60 1.41 6.230e-58 1.250e-19 3.180e-05 0.136 3.180e-05
K00409.01 0.025 41 0.50 5.280e-33 3.970e-06 1.500e-05 0.148 1.890e-05
K00410.01 0.363 76 0.50 6.240e-02 9.350e-01 7.230e-04 0.001 9.980e-01
K00411.01 0.052 116 0.93 2.100e-10 2.050e-03 6.910e-01 0.051 6.930e-01
K00412.01 0.056 48 0.50 1.260e-52 2.390e-16 1.160e-07 0.053 1.160e-07
K00413.01 0.035 99 0.50 6.530e-08 1.390e-03 4.850e-05 0.174 1.440e-03
K00413.02 0.023 132 0.50 3.940e-12 6.550e-04 4.360e-05 0.219 6.990e-04
K00414.01 0.157 502 0.50 1.690e-36 7.240e-14 1.530e-05 0.047 1.530e-05
K00414.02 0.021 53 0.50 6.070e-40 5.760e-69 1.190e-02 0.214 1.190e-02
K00415.01 0.067 142 0.50 2.400e-04 2.790e-03 3.670e-05 0.053 3.070e-03
K00416.01 0.036 61 0.50 3.640e-131 8.700e-58 3.090e-06 0.172 3.090e-06
K00416.02 0.034 125 0.50 5.550e-08 2.750e-04 1.160e-05 0.187 2.860e-04
K00416.03 0.010 65 3.60 9.380e-15 8.400e-08 4.140e-01 0.067 4.140e-01
K00416.04 nan nan nan nan nan nan nan nan 
K00417.01 0.164 150 0.50 1.680e-01 8.070e-01 1.060e-03 0.018 9.760e-01
K00418.01 0.114 569 0.50 1.050e-17 1.330e-17 3.860e-03 0.078 3.860e-03
K00419.01 0.393 98 0.50 8.150e-02 9.150e-01 2.700e-04 0.001 9.970e-01
K00420.01 0.050 45 0.50 5.850e-20 1.080e-68 2.970e-08 0.104 2.970e-08
K00421.01 0.122 96 0.50 4.670e-13 1.380e-14 1.370e-07 0.075 1.370e-07
K00422.01 nan nan nan 7.810e-02 4.130e-01 1.880e-02 0.019 5.100e-01
K00423.01 0.089 188 0.50 2.170e-21 8.840e-05 3.560e-07 0.066 8.870e-05
K00423.02 nan nan nan nan nan nan nan nan 
K00424.01 0.226 186 0.50 1.000e-37 1.340e-09 3.230e-06 0.005 3.230e-06
K00425.01 0.137 84 0.50 2.220e-01 5.510e-01 3.430e-04 0.047 7.740e-01
K00426.01 0.031 86 0.50 1.200e-38 3.600e-05 1.260e-05 0.183 4.860e-05
K00427.01 0.039 176 0.75 1.480e-03 1.690e-02 2.400e-04 0.141 1.860e-02
K00427.02 0.028 198 0.57 4.280e-22 2.080e-28 1.920e-06 0.206 1.920e-06
K00427.03 0.025 496 0.75 2.270e-29 1.290e-21 8.420e-06 0.215 8.420e-06
K00428.01 0.058 38 0.50 1.750e-237 5.920e-53 5.110e-21 0.071 0.000e+00
K00429.01 0.049 81 0.50 1.010e-151 0.000e+00 2.980e-06 0.091 2.980e-06
K00430.01 0.040 108 0.50 9.540e-25 6.270e-43 1.710e-03 0.206 1.710e-03
K00430.02 0.014 125 1.86 7.070e-26 3.790e-48 4.460e-02 0.079 4.460e-02
K00431.01 0.030 90 0.50 7.490e-18 6.360e-11 2.030e-06 0.205 2.030e-06
K00431.02 0.026 131 0.50 5.750e-15 1.120e-15 6.150e-06 0.217 6.150e-06
K00432.01 0.035 39 0.50 4.610e-23 4.840e-04 2.430e-05 0.096 5.090e-04
K00433.01 0.050 630 0.50 3.490e-96 1.450e-117 8.310e-05 0.079 8.310e-05
K00433.02 0.121 56 0.50 1.170e-21 7.310e-14 8.710e-04 0.076 8.710e-04
K00434.01 0.139 1722 0.50 7.650e-252 4.000e-34 1.510e-03 0.079 1.510e-03
K00435.01 0.036 77 0.50 7.030e-73 5.470e-18 4.420e-06 0.089 4.420e-06
K00435.02 nan nan nan 9.070e-06 1.120e-02 1.520e-03 0.070 1.280e-02
K00435.03 nan nan nan 2.000e-04 3.100e-03 5.030e-04 0.202 3.810e-03
K00435.04 0.014 40 0.63 4.620e-41 1.190e-43 6.910e-07 0.174 6.910e-07
K00435.05 0.031 132 0.84 4.040e-45 2.540e-18 9.040e-06 0.126 9.040e-06
K00435.06 0.012 55 1.74 3.730e-63 2.380e-26 6.540e-05 0.143 6.540e-05
K00436.01 nan nan nan nan nan nan nan nan 
K00437.01 0.431 263 0.93 5.720e-01 4.200e-01 1.490e-03 0.001 9.940e-01
K00438.01 0.034 73 0.50 1.680e-42 2.440e-104 2.700e-06 0.211 2.700e-06
K00438.02 0.030 235 0.57 4.270e-07 4.260e-06 2.100e-05 0.215 2.570e-05
K00439.01 0.044 35 0.50 1.060e-61 1.890e-58 1.370e-06 0.094 1.370e-06
K00439.02 nan nan nan nan nan nan nan nan 
K00440.01 0.030 84 0.50 1.650e-91 4.670e-84 5.500e-06 0.205 5.500e-06
K00440.02 0.032 70 0.50 1.690e-10 3.790e-07 1.540e-05 0.202 1.580e-05
K00441.01 0.262 135 0.60 1.260e-02 7.790e-01 1.870e-01 0.001 9.780e-01
K00442.01 0.025 49 0.51 5.810e-25 3.630e-02 1.310e-03 0.157 3.770e-02
K00442.02 0.012 21 0.78 9.020e-59 4.500e-41 2.060e-05 0.172 2.060e-05
K00442.03 0.013 48 2.58 5.880e-06 1.920e-04 1.710e-03 0.174 1.900e-03
K00443.01 0.025 51 1.14 3.590e-67 1.420e-09 1.060e-05 0.188 1.060e-05
K00444.01 0.022 46 0.50 6.230e-31 6.250e-08 2.290e-06 0.198 2.350e-06
K00445.01 nan nan nan nan nan nan nan nan 
K00446.01 0.027 140 0.57 5.710e-15 2.230e-08 2.910e-05 0.212 2.910e-05
K00446.02 0.026 150 0.78 1.720e-31 8.140e-31 4.430e-05 0.202 4.430e-05
K00447.01 0.302 160 1.62 5.250e-61 2.700e-07 1.000e+00 0.007 1.000e+00
K00448.01 0.036 97 0.50 1.020e-36 3.430e-74 1.170e-04 0.219 1.170e-04
K00448.02 nan nan nan 5.020e-23 1.660e-35 1.000e+00 0.197 1.000e+00
K00449.01 0.370 323 0.50 1.640e-01 8.330e-01 4.240e-04 0.001 9.980e-01
K00450.01 0.036 107 0.50 3.910e-02 4.190e-01 3.120e-03 0.051 4.610e-01
K00451.01 0.027 65 0.50 2.640e-05 1.690e-04 6.260e-04 0.084 8.220e-04
K00452.01 0.021 59 0.50 7.960e-255 7.160e-233 6.580e-09 0.186 6.580e-09
K00453.01 0.194 2974 0.50 5.810e-03 4.070e-01 1.670e-04 0.045 4.130e-01
K00454.01 0.031 115 0.50 1.920e-30 1.370e-39 1.160e-05 0.202 1.160e-05
K00455.01 0.039 222 0.50 1.170e-12 2.340e-06 1.940e-01 0.206 1.940e-01
K00456.01 0.039 62 0.50 7.840e-41 5.760e-28 2.550e-03 0.096 2.550e-03
K00456.02 nan nan nan nan nan nan nan nan 
K00457.01 0.026 50 0.50 9.800e-16 9.130e-11 5.700e-06 0.216 5.700e-06
K00457.02 0.024 92 0.50 2.050e-03 1.330e-02 8.420e-04 0.216 1.620e-02
K00458.01 0.065 207 0.50 5.560e-02 4.480e-01 1.350e-03 0.052 5.050e-01
K00459.01 0.031 62 0.50 8.800e-04 7.920e-03 8.230e-06 0.084 8.800e-03
K00459.02 0.013 37 2.13 9.350e-33 2.890e-05 4.780e-05 0.197 7.670e-05
K00460.01 0.035 63 0.50 1.660e-36 6.000e-06 1.180e-05 0.117 1.780e-05
K00460.02 nan nan nan nan nan nan nan nan 
K00461.01 0.223 175 0.50 6.020e-129 1.260e-47 1.000e+00 0.024 1.000e+00
K00462.01 0.025 38 0.50 0.000e+00 0.000e+00 1.000e+00 0.216 1.000e+00
K00463.01 0.048 207 0.50 1.370e-42 1.140e-39 5.650e-05 0.189 5.650e-05
K00464.01 0.068 163 0.50 3.530e-42 1.170e-06 5.000e-05 0.052 5.110e-05
K00464.02 0.026 46 0.50 2.090e-43 2.030e-97 5.770e-08 0.195 5.770e-08
K00465.01 nan nan nan 6.050e-02 3.420e-01 6.380e-02 0.053 4.660e-01
K00466.01 0.071 83 0.50 1.080e-02 7.680e-01 1.340e-03 0.060 7.800e-01
K00467.01 0.054 76 0.50 9.610e-199 1.570e-81 4.160e-06 0.060 4.160e-06
K00468.01 0.037 98 0.50 6.140e-17 3.410e-12 1.560e-05 0.188 1.560e-05
K00469.01 0.049 107 0.50 1.750e-02 7.780e-02 1.580e-04 0.050 9.540e-02
K00470.01 0.046 59 0.50 1.540e-32 1.440e-09 3.810e-06 0.076 3.820e-06
K00471.01 0.026 99 0.50 1.960e-12 4.190e-05 1.130e-05 0.196 5.320e-05
K00471.02 0.011 42 0.93 9.280e-27 4.650e-06 2.960e-04 0.110 3.010e-04
K00472.01 0.035 102 0.50 3.960e-185 5.820e-184 4.460e-06 0.111 4.460e-06
K00473.01 0.166 103 0.50 2.860e-07 7.510e-06 9.470e-01 0.055 9.470e-01
K00474.01 0.022 54 0.50 1.400e-04 7.980e-03 1.240e-05 0.143 8.130e-03
K00474.02 0.022 82 0.99 1.490e-03 1.650e-02 5.440e-06 0.159 1.800e-02
K00474.03 0.030 167 1.08 1.650e-02 5.190e-01 8.040e-02 0.085 6.160e-01
K00474.04 0.014 47 0.87 8.420e-07 5.710e-04 8.220e-05 0.218 6.540e-04
K00475.01 0.030 89 0.50 2.410e-66 1.130e-49 1.110e-05 0.209 1.110e-05
K00475.02 0.030 127 0.50 2.750e-28 2.940e-18 8.180e-06 0.210 8.180e-06
K00476.01 0.025 135 0.50 3.090e-22 6.020e-09 9.040e-06 0.215 9.040e-06
K00477.01 0.025 292 0.54 1.840e-23 4.130e-40 7.160e-05 0.218 7.160e-05
K00478.01 0.039 578 0.50 1.110e-17 1.220e-10 3.810e-05 0.218 3.810e-05
K00479.01 0.034 69 0.50 6.400e-26 4.860e-11 2.460e-05 0.132 2.460e-05
K00480.01 0.025 47 0.50 3.170e-29 8.910e-09 4.980e-06 0.208 4.990e-06
K00481.01 0.031 70 0.50 1.490e-52 1.020e-18 3.240e-06 0.199 3.240e-06
K00481.02 0.019 32 0.50 2.830e-138 5.830e-116 2.900e-05 0.176 2.900e-05
K00481.03 0.036 126 0.66 9.470e-21 5.860e-20 3.960e-05 0.167 3.960e-05
K00482.01 0.692 127 0.50 3.340e-13 9.740e-01 2.560e-02 0.001 1.000e+00
K00483.01 0.028 72 0.50 6.330e-104 4.050e-67 7.910e-06 0.200 7.910e-06
K00484.01 0.030 81 0.50 3.830e-32 5.290e-33 4.070e-06 0.206 4.070e-06
K00485.01 0.052 124 0.57 8.590e-03 3.040e-01 4.040e-02 0.053 3.530e-01
K00486.01 0.025 50 0.50 1.520e-100 3.760e-68 6.580e-08 0.194 6.580e-08
K00487.01 0.024 62 0.50 8.490e-50 8.430e-21 9.420e-07 0.210 9.420e-07
K00488.01 0.023 65 1.68 3.460e-55 1.210e-06 1.180e-05 0.206 1.300e-05
K00489.01 0.021 102 0.50 1.270e-04 9.400e-01 4.080e-02 0.100 9.810e-01
K00489.02 nan nan nan nan nan nan nan nan 
K00490.01 0.019 43 0.50 1.300e-82 2.610e-79 4.990e-05 0.159 4.990e-05
K00490.02 nan nan nan 2.830e-04 1.400e-02 7.670e-04 0.070 1.510e-02
K00490.03 0.018 5503 0.63 8.460e-19 2.740e-17 7.870e-05 0.148 7.870e-05
K00490.04 nan nan nan 7.940e-14 2.460e-09 1.290e-01 0.122 1.290e-01
K00491.01 0.224 107 0.50 1.970e-14 8.920e-02 9.110e-01 0.001 1.000e+00
K00492.01 0.029 122 0.50 5.280e-55 7.310e-05 2.190e-05 0.170 9.500e-05
K00492.02 nan nan nan nan nan nan nan nan 
K00493.01 0.251 189 4.00 2.990e-04 1.360e-01 8.630e-01 0.002 1.000e+00
K00494.01 0.033 153 0.57 3.480e-29 3.410e-23 6.960e-05 0.206 6.960e-05
K00495.01 0.050 79 4.00 1.130e-55 2.250e-43 9.990e-01 0.088 9.990e-01
K00496.01 0.019 39 0.50 4.040e-82 1.180e-90 2.940e-05 0.177 2.940e-05
K00497.01 0.023 69 0.50 2.390e-11 1.800e-03 7.900e-06 0.096 1.810e-03
K00497.02 0.013 45 1.08 4.810e-18 1.030e-05 3.270e-05 0.213 4.300e-05
K00498.01 nan nan nan 6.570e-07 3.170e-05 5.400e-02 0.055 5.400e-02
K00499.01 0.022 68 0.50 8.490e-05 8.930e-04 2.070e-05 0.211 9.990e-04
K00500.01 0.041 130 0.50 1.240e-25 3.970e-43 8.220e-04 0.201 8.220e-04
K00500.02 0.044 121 0.50 2.150e-22 5.650e-28 4.750e-04 0.196 4.750e-04
K00500.03 0.023 74 0.57 1.110e-59 3.750e-109 5.750e-04 0.148 5.750e-04
K00500.04 0.028 100 4.00 1.050e-31 4.100e-65 7.400e-02 0.186 7.400e-02
K00500.05 0.017 38 0.51 5.460e-112 8.390e-143 3.550e-04 0.110 3.550e-04
K00501.01 0.023 87 0.69 9.010e-97 7.050e-20 5.670e-05 0.154 5.670e-05
K00502.01 0.015 43 0.50 1.030e-125 3.380e-105 1.450e-03 0.144 1.450e-03
K00503.01 0.038 115 0.50 2.630e-49 6.130e-105 3.170e-05 0.206 3.170e-05
K00504.01 0.024 100 0.96 3.440e-14 1.930e-05 1.230e-03 0.199 1.250e-03
K00505.01 0.028 128 0.50 1.210e-11 2.930e-13 8.720e-06 0.213 8.720e-06
K00505.02 0.015 52 0.50 1.060e-50 1.020e-34 9.180e-05 0.123 9.180e-05
K00505.03 0.013 87 0.63 3.890e-55 7.870e-70 3.020e-05 0.110 3.020e-05
K00505.04 0.016 66 0.99 4.630e-40 9.820e-45 2.850e-05 0.130 2.850e-05
K00505.05 0.031 267 0.60 7.270e-16 2.490e-20 7.520e-05 0.203 7.520e-05
K00506.01 0.030 48 0.50 2.080e-08 2.170e-04 2.000e-05 0.129 2.380e-04
K00507.01 0.037 117 0.50 1.210e-07 2.030e-05 5.020e-04 0.118 5.220e-04
K00508.01 0.027 57 0.50 8.050e-101 7.140e-186 1.970e-05 0.197 1.970e-05
K00508.02 0.025 67 0.50 4.450e-50 2.740e-42 4.930e-06 0.203 4.930e-06
K00509.01 0.031 64 0.50 4.700e-24 1.460e-04 2.140e-03 0.101 2.280e-03
K00509.02 0.031 114 0.50 3.150e-04 2.050e-02 1.080e-04 0.101 2.090e-02
K00509.03 0.019 164 1.02 1.490e-33 4.140e-16 9.880e-01 0.211 9.880e-01
K00510.01 0.020 67 0.50 4.280e-54 1.040e-34 5.000e-06 0.213 5.000e-06
K00510.02 0.021 88 0.50 1.570e-55 2.970e-25 4.820e-06 0.212 4.820e-06
K00510.03 0.027 127 1.23 1.110e-08 5.200e-04 5.910e-02 0.182 5.960e-02
K00510.04 0.029 204 1.08 1.190e-03 2.880e-02 2.190e-03 0.150 3.220e-02
K00511.01 0.024 44 0.50 nan nan nan nan nan 
K00511.02 0.013 37 0.51 8.830e-21 1.050e-21 4.440e-05 0.148 4.440e-05
K00512.01 0.024 63 0.50 6.280e-102 8.040e-80 1.520e-06 0.208 1.520e-06
K00513.01 0.031 93 0.50 1.900e-21 1.440e-06 8.980e-06 0.076 1.040e-05
K00514.01 0.321 565 0.50 3.970e-32 2.260e-35 9.980e-01 0.001 9.980e-01
K00515.01 0.295 396 0.50 4.880e-12 4.560e-07 9.430e-01 0.008 9.430e-01
K00516.01 0.017 105 0.50 2.330e-03 1.420e-01 2.660e-02 0.209 1.710e-01
K00517.01 0.030 60 0.50 3.420e-58 8.670e-15 2.180e-06 0.176 2.180e-06
K00518.01 0.029 62 0.50 1.030e-48 3.510e-32 7.520e-05 0.201 7.520e-05
K00518.02 0.022 91 0.50 1.120e-108 7.440e-57 6.340e-06 0.151 6.340e-06
K00518.03 0.032 220 0.60 1.140e-56 1.070e-61 9.890e-06 0.218 9.890e-06
K00519.01 0.025 81 0.50 4.830e-11 1.840e-03 1.970e-05 0.146 1.860e-03
K00519.02 0.029 103 0.50 5.070e-13 1.440e-03 6.710e-04 0.100 2.110e-03
K00520.01 0.027 65 0.50 1.210e-34 2.530e-36 4.410e-02 0.211 4.410e-02
K00520.02 0.015 54 0.60 4.590e-58 1.830e-79 6.400e-05 0.131 6.400e-05
K00520.03 0.040 122 0.51 3.300e-05 4.850e-03 3.100e-01 0.138 3.150e-01
K00520.04 nan nan nan nan nan nan nan nan 
K00521.01 0.040 90 1.65 6.880e-38 8.550e-19 3.320e-04 0.134 3.320e-04
K00521.02 nan nan nan nan nan nan nan nan 
K00522.01 0.037 120 0.50 5.720e-05 9.660e-03 2.160e-04 0.076 9.930e-03
K00523.01 0.064 180 0.50 1.640e-10 3.560e-03 2.270e-03 0.052 5.830e-03
K00523.02 0.026 109 0.50 2.000e-128 1.530e-30 2.970e-04 0.196 2.970e-04
K00524.01 0.038 58 0.50 9.430e-42 5.310e-50 8.660e-01 0.159 8.660e-01
K00525.01 0.276 127 0.50 5.890e-03 8.900e-01 8.360e-02 0.001 9.790e-01
K00526.01 0.028 91 0.50 2.330e-51 2.850e-39 2.410e-05 0.193 2.410e-05
K00527.01 0.022 102 0.50 6.580e-66 2.390e-25 1.290e-02 0.216 1.290e-02
K00528.01 0.025 59 0.50 6.090e-18 4.460e-35 1.360e-06 0.206 1.360e-06
K00528.02 0.034 125 0.72 5.330e-08 7.000e-03 1.050e-04 0.138 7.100e-03
K00528.03 0.025 94 0.50 7.350e-04 5.950e-03 5.960e-06 0.206 6.690e-03
K00529.01 0.036 425 1.20 3.880e-05 6.350e-03 2.700e-03 0.169 9.080e-03
K00530.01 0.022 108 0.63 7.470e-06 5.630e-05 8.150e-05 0.218 1.450e-04
K00531.01 0.088 90 0.50 6.930e-03 4.030e-01 6.420e-05 0.051 4.100e-01
K00532.01 0.024 36 0.50 2.240e-122 2.340e-07 3.970e-06 0.195 4.200e-06
K00533.01 0.030 83 0.57 6.460e-35 1.020e-37 2.200e-06 0.202 2.200e-06
K00533.02 nan nan nan 4.860e-18 2.630e-16 7.440e-03 0.138 7.440e-03
K00534.01 0.027 103 0.50 1.150e-08 3.900e-09 2.540e-05 0.204 2.540e-05
K00534.02 0.019 48 0.50 7.150e-49 5.000e-23 5.780e-03 0.185 5.780e-03
K00535.01 0.032 74 0.50 5.850e-153 2.060e-26 1.110e-05 0.095 1.110e-05
K00536.01 0.034 147 0.50 2.570e-25 6.120e-10 3.500e-04 0.123 3.500e-04
K00537.01 0.020 34 0.50 1.590e-121 8.500e-40 3.060e-06 0.210 3.060e-06
K00538.01 0.027 75 0.50 5.720e-33 7.090e-05 1.430e-05 0.139 8.520e-05
K00539.01 nan nan nan nan nan nan nan nan 
K00540.01 0.368 818 0.50 1.240e-01 8.690e-01 4.010e-03 0.001 9.960e-01
K00541.01 0.025 72 0.50 1.610e-22 3.580e-22 4.470e-06 0.209 4.470e-06
K00542.01 0.024 74 0.50 1.810e-23 2.680e-18 1.750e-04 0.208 1.750e-04
K00542.02 0.014 61 1.14 1.570e-21 3.640e-10 4.920e-04 0.148 4.920e-04
K00543.01 0.026 69 0.50 5.050e-23 1.510e-13 7.140e-07 0.211 7.140e-07
K00543.02 0.016 58 1.11 9.220e-36 3.180e-17 7.040e-04 0.147 7.040e-04
K00544.01 0.191 101 0.99 5.510e-92 1.010e-55 1.000e+00 0.010 1.000e+00
K00545.01 0.013 22 0.84 2.710e-146 1.280e-278 1.440e-06 0.106 1.440e-06
K00546.01 0.030 81 0.50 4.040e-30 1.170e-07 7.030e-06 0.091 7.150e-06
K00546.02 0.020 59 0.57 2.410e-31 4.220e-07 3.720e-07 0.191 7.930e-07
K00547.01 0.042 93 0.50 5.450e-51 1.060e-42 2.750e-06 0.118 2.750e-06
K00547.02 nan nan nan nan nan nan nan nan 
K00548.01 0.024 60 0.50 1.210e-04 2.850e-03 3.470e-06 0.100 2.970e-03
K00549.01 0.229 136 0.50 4.780e-79 1.150e-42 1.000e+00 0.007 1.000e+00
K00549.02 nan nan nan nan nan nan 0.008 nan
K00550.01 0.023 67 0.57 1.070e-26 3.620e-25 9.800e-05 0.206 9.800e-05
K00551.01 0.023 96 0.81 1.040e-14 2.370e-04 7.620e-05 0.203 3.130e-04
K00551.02 0.021 76 0.93 1.680e-25 1.980e-06 3.560e-04 0.209 3.580e-04
K00552.01 nan nan nan nan nan nan nan nan 
K00553.01 0.018 35 1.05 9.310e-273 3.480e-146 1.000e+00 0.182 1.000e+00
K00554.01 0.073 142 0.50 2.850e-10 4.050e-03 1.580e-03 0.065 5.630e-03
K00555.01 0.015 39 0.51 4.950e-44 2.090e-70 3.420e-04 0.141 3.420e-04
K00555.02 0.031 177 1.05 4.900e-27 3.350e-22 3.490e-01 0.195 3.490e-01
K00556.01 0.253 527 0.50 2.010e-22 2.070e-04 1.000e+00 0.001 1.000e+00
K00557.01 0.033 105 0.54 1.370e-34 3.310e-46 4.370e-05 0.199 4.370e-05
K00558.01 0.029 88 0.50 5.570e-03 5.510e-02 3.270e-04 0.087 6.100e-02
K00559.01 nan nan nan 4.610e-28 4.490e-17 9.910e-01 0.129 9.910e-01
K00560.01 0.035 140 0.50 4.540e-65 1.960e-39 7.330e-05 0.191 7.330e-05
K00561.01 0.022 40 0.50 1.060e-81 1.690e-135 1.380e-06 0.192 1.380e-06
K00562.01 nan nan nan nan nan nan nan nan 
K00563.01 0.020 50 0.57 2.860e-45 1.560e-11 6.660e-05 0.201 6.660e-05
K00564.01 nan nan nan 2.070e-25 3.560e-21 5.510e-03 0.218 5.510e-03
K00564.02 0.057 201 0.50 3.380e-91 8.090e-82 2.000e-06 0.052 2.000e-06
K00564.03 0.013 49 0.78 4.880e-42 3.300e-40 8.030e-06 0.143 8.030e-06
K00565.01 0.013 32 0.50 5.650e-81 5.550e-43 1.000e+00 0.174 1.000e+00
K00566.01 0.023 110 0.57 9.480e-08 1.840e-06 9.250e-06 0.200 1.120e-05
K00566.02 nan nan nan nan nan nan nan nan 
K00567.01 0.028 76 0.50 1.120e-14 1.080e-05 1.760e-05 0.192 2.850e-05
K00567.02 0.023 69 0.60 1.930e-10 7.930e-30 3.330e-06 0.206 3.330e-06
K00567.03 0.027 85 0.51 7.840e-10 1.210e-03 2.950e-05 0.197 1.240e-03
K00568.01 0.015 35 0.50 1.080e-11 4.260e-05 3.760e-05 0.159 8.020e-05
K00568.02 0.009 32 2.55 1.550e-15 1.730e-07 8.390e-03 0.086 8.390e-03
K00569.01 0.023 34 0.90 2.100e-10 1.810e-05 5.830e-05 0.200 7.640e-05
K00569.02 0.013 96 0.54 5.500e-86 8.630e-105 2.470e-04 0.110 2.470e-04
K00570.01 0.036 205 0.50 1.260e-05 8.560e-01 2.120e-02 0.051 8.770e-01
K00571.01 0.026 87 0.50 3.370e-58 4.910e-117 1.190e-03 0.134 1.190e-03
K00571.02 0.030 99 0.50 8.480e-75 4.180e-121 2.080e-04 0.155 2.080e-04
K00571.03 0.022 60 0.50 2.320e-67 4.350e-154 3.230e-04 0.112 3.230e-04
K00571.04 0.025 143 0.99 1.910e-61 2.150e-67 1.080e-04 0.130 1.080e-04
K00571.05 0.020 306 3.30 9.970e-39 2.580e-68 2.300e-01 0.101 2.300e-01
K00572.01 0.022 36 0.50 1.040e-36 2.200e-08 5.320e-06 0.162 5.350e-06
K00572.02 0.011 34 1.29 1.380e-63 3.490e-14 3.260e-05 0.167 3.260e-05
K00573.01 0.026 51 0.50 2.560e-81 1.560e-22 1.520e-05 0.198 1.520e-05
K00573.02 0.014 42 1.62 2.050e-20 6.250e-12 5.420e-05 0.154 5.420e-05
K00574.01 0.035 117 0.50 2.190e-28 6.000e-19 2.920e-06 0.193 2.920e-06
K00574.02 0.016 81 0.90 9.630e-36 3.100e-63 7.150e-05 0.137 7.150e-05
K00575.01 0.024 97 0.50 1.220e-05 6.220e-03 5.610e-06 0.144 6.240e-03
K00576.01 0.274 355 3.30 4.460e-02 9.030e-01 3.160e-02 0.007 9.800e-01
K00577.01 0.032 153 4.00 3.900e-25 2.010e-33 6.670e-01 0.200 6.670e-01
K00577.02 0.010 27 1.41 1.530e-46 5.800e-53 5.440e-04 0.069 5.440e-04
K00578.01 0.033 76 0.50 0.000e+00 0.000e+00 4.250e-05 0.108 4.250e-05
K00579.01 0.017 25 0.50 1.350e-42 2.440e-64 4.500e-05 0.150 4.500e-05
K00579.02 0.017 52 0.50 6.850e-16 1.860e-06 2.270e-05 0.147 2.460e-05
K00580.01 0.026 55 0.50 4.700e-30 3.030e-06 2.100e-05 0.148 2.400e-05
K00581.01 0.034 62 0.50 1.120e-13 2.100e-04 1.700e-06 0.089 2.110e-04
K00581.02 0.026 264 0.66 8.190e-07 1.980e-03 5.240e-06 0.148 1.980e-03
K00582.01 0.028 79 0.50 2.160e-66 5.270e-89 3.380e-06 0.210 3.380e-06
K00582.02 0.028 128 0.57 1.070e-11 8.150e-05 3.560e-05 0.210 1.170e-04
K00582.03 0.017 97 0.87 5.820e-29 1.000e-36 1.250e-04 0.141 1.250e-04
K00583.01 0.015 25 0.50 6.880e-138 9.120e-98 6.450e-06 0.192 6.450e-06
K00584.01 0.025 45 0.51 1.010e-64 1.060e-56 8.840e-05 0.211 8.840e-05
K00584.02 0.025 69 0.50 1.150e-66 3.750e-19 1.420e-06 0.210 1.420e-06
K00584.03 0.010 49 0.93 4.380e-67 4.340e-28 2.830e-05 0.094 2.830e-05
K00585.01 0.026 56 0.50 2.720e-09 1.350e-15 7.720e-06 0.195 7.720e-06
K00586.01 0.023 71 0.54 9.120e-24 1.450e-14 3.150e-06 0.211 3.150e-06
K00587.01 0.027 85 0.50 1.380e-29 6.130e-08 1.450e-02 0.211 1.450e-02
K00588.01 0.023 68 0.50 1.130e-39 5.490e-58 1.370e-05 0.170 1.370e-05
K00589.01 nan nan nan nan nan nan nan nan 
K00590.01 0.020 74 0.63 3.990e-10 4.780e-03 1.070e-04 0.194 4.890e-03
K00590.02 0.023 131 0.69 4.980e-17 5.880e-03 2.280e-05 0.155 5.900e-03
K00591.01 0.010 38 0.50 7.490e-20 1.960e-09 2.480e-03 0.094 2.480e-03
K00592.01 0.028 82 0.50 7.700e-05 3.310e-01 2.660e-02 0.132 3.580e-01
K00593.01 0.023 73 1.53 3.330e-23 2.240e-11 6.030e-05 0.207 6.030e-05
K00593.02 0.032 296 2.07 8.150e-10 1.010e-04 5.820e-04 0.141 6.840e-04
K00593.03 0.025 185 2.37 7.610e-06 3.580e-03 3.430e-03 0.198 7.010e-03
K00593.04 nan nan nan nan nan nan nan nan 
K00594.01 nan nan nan nan nan nan nan nan 
K00595.01 nan nan nan nan nan nan nan nan 
K00596.01 0.025 52 0.50 2.170e-66 1.080e-79 9.970e-07 0.125 9.970e-07
K00597.01 0.026 70 1.08 6.790e-17 1.120e-04 3.290e-05 0.165 1.450e-04
K00597.02 0.013 38 0.54 2.050e-40 7.720e-13 1.390e-05 0.174 1.390e-05
K00597.03 0.022 144 0.75 4.290e-19 2.010e-04 2.540e-06 0.198 2.040e-04
K00598.01 0.031 82 2.25 5.140e-99 1.440e-80 3.280e-04 0.202 3.280e-04
K00598.02 0.028 188 2.04 2.770e-17 2.140e-12 5.130e-01 0.211 5.130e-01
K00599.01 0.025 63 0.50 1.200e-04 8.160e-03 3.090e-03 0.186 1.140e-02
K00600.01 0.019 49 0.66 2.850e-53 4.800e-20 6.200e-07 0.205 6.200e-07
K00600.02 nan nan nan nan nan nan nan nan 
K00601.01 0.025 57 0.50 8.300e-05 1.970e-03 4.840e-06 0.161 2.060e-03
K00601.02 0.042 117 0.50 1.060e-01 4.100e-01 2.840e-03 0.058 5.190e-01
K00601.03 0.014 24 0.50 2.390e-80 1.570e-52 2.650e-05 0.190 2.650e-05
K00602.01 0.025 70 0.60 1.230e-30 1.980e-04 9.030e-06 0.118 2.070e-04
K00603.01 0.051 83 0.50 2.840e-112 1.060e-80 3.830e-01 0.079 3.830e-01
K00604.01 0.130 558 0.50 4.610e-313 0.000e+00 5.560e-04 0.076 5.560e-04
K00605.01 0.029 60 0.50 6.500e-49 3.720e-76 1.010e-05 0.215 1.010e-05
K00605.02 0.011 66 3.30 1.480e-40 2.450e-89 4.020e-03 0.059 4.020e-03
K00606.01 0.129 1268 0.50 1.720e-02 4.880e-01 1.530e-03 0.040 5.070e-01
K00607.01 nan nan nan nan nan nan nan nan 
K00608.01 0.052 169 0.50 8.780e-298 0.000e+00 1.210e-01 0.101 1.210e-01
K00609.01 0.189 172 0.50 8.970e-02 8.630e-01 1.620e-03 0.012 9.540e-01
K00610.01 0.033 136 0.54 9.480e-41 3.490e-61 2.530e-04 0.165 2.530e-04
K00611.01 0.085 58 0.50 1.300e-01 5.410e-01 6.900e-04 0.059 6.720e-01
K00612.01 0.023 77 0.54 2.630e-07 1.710e-11 1.330e-05 0.205 1.350e-05
K00612.02 0.028 122 0.50 5.140e-27 3.690e-16 8.190e-06 0.210 8.190e-06
K00612.03 0.035 243 1.86 2.220e-03 8.200e-02 1.570e-02 0.181 9.990e-02
K00613.01 0.015 49 0.50 4.340e-132 1.570e-177 1.000e+00 0.148 1.000e+00
K00614.01 0.078 101 0.50 1.330e-01 5.060e-01 1.320e-03 0.064 6.400e-01
K00615.01 0.359 506 0.50 1.080e-01 8.890e-01 4.170e-04 0.001 9.980e-01
K00616.01 0.019 216 0.50 3.640e-27 1.420e-04 5.350e-03 0.206 5.500e-03
K00617.01 0.396 195 0.50 1.590e-01 8.380e-01 1.080e-03 0.001 9.980e-01
K00618.01 0.033 117 0.50 7.080e-24 2.730e-18 6.970e-06 0.172 6.970e-06
K00619.01 0.222 2065 0.50 6.520e-04 2.090e-01 1.070e-04 0.012 2.090e-01
K00620.01 0.074 230 0.50 1.210e-13 5.540e-04 3.030e-06 0.062 5.570e-04
K00620.02 0.101 577 0.50 3.410e-07 4.250e-03 6.620e-06 0.076 4.250e-03
K00620.03 0.060 319 0.57 7.880e-02 7.860e-01 5.370e-03 0.053 8.700e-01
K00621.01 nan nan nan nan nan nan nan nan 
K00622.01 0.075 251 0.50 1.840e-32 4.060e-53 4.520e-03 0.051 4.520e-03
K00623.01 0.012 20 0.93 2.870e-27 8.650e-28 1.400e-05 0.147 1.400e-05
K00623.02 0.010 19 0.93 1.380e-34 5.570e-38 4.050e-05 0.124 4.050e-05
K00623.03 0.010 14 0.99 2.620e-43 2.450e-61 4.620e-06 0.125 4.620e-06
K00623.04 0.008 26 3.00 1.070e-27 5.250e-31 4.850e-04 0.092 4.850e-04
K00624.01 0.028 83 0.50 1.430e-104 3.320e-13 3.420e-06 0.168 3.420e-06
K00624.02 0.027 149 0.60 1.380e-04 9.850e-03 7.610e-05 0.188 1.010e-02
K00624.03 0.015 22 0.50 2.730e-90 1.380e-87 9.980e-06 0.173 9.980e-06
K00625.01 0.065 142 0.50 1.430e-01 6.770e-01 3.330e-03 0.068 8.230e-01
K00626.01 0.018 39 0.72 1.080e-16 8.940e-18 8.300e-06 0.211 8.300e-06
K00626.02 0.008 36 3.30 1.870e-10 3.360e-21 2.270e-02 0.070 2.270e-02
K00627.01 0.019 31 0.50 6.550e-30 3.800e-34 9.880e-06 0.219 9.880e-06
K00627.02 0.010 20 0.81 1.200e-29 1.110e-64 1.040e-04 0.113 1.040e-04
K00628.01 0.022 57 0.50 3.750e-05 5.770e-04 3.600e-05 0.212 6.500e-04
K00629.01 0.022 74 1.20 2.280e-06 3.640e-03 7.720e-05 0.101 3.720e-03
K00630.01 0.090 123 1.11 1.290e-21 1.860e-16 1.000e+00 0.062 1.000e+00
K00631.01 0.060 35 0.50 0.000e+00 0.000e+00 3.240e-17 0.057 0.000e+00
K00632.01 0.015 29 0.66 2.850e-35 9.430e-42 1.050e-03 0.139 1.050e-03
K00633.01 0.029 114 0.96 1.310e-19 2.620e-21 4.520e-05 0.098 4.520e-05
K00634.01 0.053 422 0.84 7.560e-59 2.420e-49 3.490e-02 0.059 3.490e-02
K00635.01 0.021 60 0.50 3.180e-27 1.070e-06 2.750e-07 0.212 1.340e-06
K00636.01 0.203 81 0.50 1.120e-01 8.850e-01 3.350e-04 0.001 9.970e-01
K00637.01 0.132 3867 0.50 0.000e+00 2.960e-45 1.500e-04 0.071 1.500e-04
K00638.01 0.031 90 0.50 5.380e-21 2.070e-17 1.000e+00 0.098 1.000e+00
K00638.02 0.033 150 0.50 6.760e-08 8.600e-05 7.990e-06 0.092 9.410e-05
K00639.01 0.020 60 0.51 1.950e-09 9.870e-04 7.910e-05 0.115 1.070e-03
K00640.01 0.026 62 0.51 3.060e-04 5.320e-03 5.630e-05 0.211 5.680e-03
K00641.01 0.037 110 2.94 7.180e-57 9.740e-74 1.960e-02 0.211 1.960e-02
K00642.01 0.013 31 4.00 5.190e-12 9.270e-06 1.000e+00 0.180 1.000e+00
K00643.01 0.017 151 0.50 3.720e-201 4.620e-145 1.000e+00 0.157 1.000e+00
K00644.01 0.143 625 0.50 3.950e-05 1.410e-02 2.060e-05 0.055 1.410e-02
K00645.01 0.014 46 0.69 1.140e-48 4.190e-12 3.010e-03 0.153 3.010e-03
K00645.02 0.014 50 2.58 0.000e+00 1.670e-141 2.830e-03 0.213 2.830e-03
K00646.01 0.428 66 0.50 8.920e-09 1.420e-06 3.310e-01 0.001 3.310e-01
K00647.01 0.013 17 0.54 4.900e-262 5.210e-80 3.490e-06 0.207 3.490e-06
K00647.02 0.006 34 1.98 5.620e-42 3.040e-21 5.920e-04 0.069 5.920e-04
K00648.01 0.344 1035 4.00 2.040e-01 6.830e-01 1.120e-01 0.001 9.980e-01
K00649.01 0.016 32 0.57 2.350e-95 4.210e-49 2.190e-07 0.208 2.190e-07
K00649.02 nan nan nan nan nan nan nan nan 
K00650.01 0.030 56 0.50 3.530e-13 1.760e-04 7.760e-06 0.209 1.840e-04
K00651.01 0.053 199 0.50 5.670e-02 4.280e-01 1.960e-03 0.052 4.870e-01
K00651.02 nan nan nan nan nan nan nan nan 
K00652.01 0.051 77 0.50 5.150e-19 3.830e-20 4.220e-05 0.096 4.220e-05
K00653.01 0.012 55 0.50 9.360e-15 1.350e-01 9.650e-02 0.216 2.310e-01
K00654.01 0.018 58 0.51 2.180e-21 1.440e-03 9.720e-03 0.213 1.120e-02
K00654.02 0.018 92 2.25 3.980e-03 8.130e-02 4.030e-02 0.211 1.260e-01
K00655.01 0.021 34 0.69 1.150e-14 4.770e-06 3.110e-06 0.193 7.880e-06
K00655.02 0.018 58 1.38 3.270e-22 2.960e-26 4.850e-05 0.210 4.850e-05
K00656.01 0.027 60 0.50 5.500e-12 1.450e-03 5.170e-02 0.051 5.310e-02
K00657.01 0.021 87 0.50 1.020e-38 7.130e-54 1.340e-05 0.168 1.340e-05
K00657.02 0.026 89 0.51 2.400e-11 1.420e-11 9.550e-04 0.210 9.550e-04
K00658.01 0.022 30 0.50 6.120e-39 1.200e-06 1.010e-06 0.209 2.210e-06
K00658.02 0.021 38 0.50 1.020e-25 1.680e-04 8.880e-06 0.213 1.770e-04
K00658.03 0.012 52 2.70 3.590e-31 2.230e-11 5.500e-03 0.134 5.500e-03
K00659.01 0.017 49 0.63 3.980e-07 1.520e-02 4.410e-07 0.156 1.520e-02
K00660.01 0.017 19 0.50 0.000e+00 0.000e+00 9.210e-06 0.152 9.210e-06
K00661.01 0.020 54 0.63 2.900e-10 1.100e-15 4.780e-06 0.214 4.780e-06
K00661.02 0.013 74 1.29 2.270e-16 6.530e-08 1.020e-03 0.153 1.020e-03
K00662.01 0.018 20 0.50 1.650e-84 6.810e-59 5.420e-05 0.216 5.420e-05
K00663.01 0.025 29 0.50 8.070e-96 5.050e-175 9.560e-07 0.135 9.560e-07
K00663.02 0.029 65 0.50 1.190e-21 3.080e-32 3.190e-04 0.158 3.190e-04
K00664.01 0.014 28 0.54 1.810e-35 1.670e-40 2.300e-05 0.167 2.300e-05
K00664.02 0.011 22 1.14 1.570e-31 3.200e-45 1.630e-04 0.122 1.630e-04
K00664.03 0.010 38 1.68 4.260e-32 1.930e-28 1.600e-04 0.112 1.600e-04
K00665.01 0.021 26 0.51 1.490e-92 7.580e-08 7.430e-06 0.177 7.500e-06
K00665.02 0.009 8 0.50 2.760e-197 5.250e-100 5.150e-06 0.138 5.150e-06
K00665.03 0.009 19 1.11 1.130e-156 1.010e-47 9.650e-06 0.143 9.650e-06
K00666.01 0.027 49 0.50 1.880e-17 1.350e-10 2.050e-05 0.196 2.050e-05
K00667.01 0.101 307 0.50 nan nan nan nan nan 
K00668.01 0.149 499 4.00 6.590e-02 8.720e-01 2.470e-04 0.001 9.380e-01
K00669.01 0.275 44 0.50 8.070e-144 2.800e-72 1.000e+00 0.001 1.000e+00
K00670.01 0.015 35 0.54 4.330e-16 1.020e-10 2.600e-05 0.195 2.600e-05
K00671.01 0.012 19 0.66 4.110e-39 1.260e-17 1.040e-05 0.175 1.040e-05
K00671.02 0.010 26 1.29 1.270e-20 6.090e-05 1.060e-04 0.144 1.670e-04
K00671.03 0.011 44 2.70 2.880e-08 1.430e-03 7.260e-04 0.154 2.150e-03
K00671.04 0.009 36 1.95 1.800e-10 5.330e-04 2.500e-03 0.127 3.030e-03
K00672.01 0.027 68 0.50 4.910e-05 3.130e-03 3.910e-05 0.192 3.220e-03
K00672.02 0.031 79 0.50 3.120e-13 6.420e-08 5.250e-04 0.157 5.250e-04
K00672.03 nan nan nan 0.000e+00 0.000e+00 0.000e+00 0.028 0.000e+00
K00673.01 0.016 23 0.50 1.430e-05 2.180e-03 7.810e-07 0.172 2.200e-03
K00674.01 0.037 48 0.50 0.000e+00 1.200e-12 4.470e-06 0.069 4.470e-06
K00675.01 0.036 398 11.10 0.000e+00 0.000e+00 1.020e-18 0.208 0.000e+00
K00676.01 0.057 76 0.50 6.780e-92 4.890e-112 3.760e-05 0.116 3.760e-05
K00676.02 0.042 36 0.50 2.650e-59 2.950e-57 5.150e-11 0.198 5.150e-11
K00677.01 0.035 65 0.50 2.170e-02 7.040e-01 7.230e-02 0.051 7.980e-01
K00678.01 0.016 34 0.54 5.720e-14 2.430e-13 2.620e-04 0.139 2.620e-04
K00678.02 0.015 23 0.50 4.060e-51 1.660e-61 1.660e-05 0.136 1.660e-05
K00679.01 0.016 36 2.43 1.810e-229 3.520e-118 1.020e-04 0.203 1.020e-04
K00679.02 0.008 30 1.35 5.460e-90 5.000e-98 1.670e-04 0.083 1.670e-04
K00680.01 0.063 19 0.50 1.040e-187 9.900e-77 3.190e-23 0.074 0.000e+00
K00681.01 0.148 258 0.50 2.030e-03 7.400e-01 1.050e-04 0.005 7.430e-01
K00682.01 nan nan nan 1.900e-02 3.490e-01 1.420e-02 0.071 3.820e-01
K00683.01 0.052 276 0.50 1.270e-01 5.750e-01 1.200e-03 0.050 7.030e-01
K00684.01 0.038 62 0.50 3.290e-03 3.920e-02 6.060e-02 0.149 1.030e-01
K00685.01 0.019 22 0.50 4.690e-41 1.730e-03 5.670e-06 0.099 1.730e-03
K00686.01 0.118 89 0.50 1.970e-03 9.170e-02 1.570e-05 0.063 9.370e-02
K00687.01 0.017 38 1.35 8.750e-53 9.140e-37 8.970e-04 0.159 8.970e-04
K00688.01 0.017 18 0.50 4.150e-98 1.410e-29 7.250e-09 0.211 7.250e-09
K00689.01 0.020 54 0.60 3.630e-14 1.600e-17 1.700e-04 0.210 1.700e-04
K00690.01 0.038 90 0.50 2.260e-14 1.030e-09 2.090e-07 0.075 2.100e-07
K00691.01 0.023 39 0.50 1.510e-150 6.600e-158 2.670e-12 0.201 2.670e-12
K00691.02 0.010 37 1.11 1.800e-62 4.900e-64 2.770e-05 0.110 2.770e-05
K00692.01 0.012 22 0.51 1.430e-04 1.330e-03 7.920e-06 0.160 1.480e-03
K00692.02 0.022 56 0.63 3.700e-02 2.630e-01 1.680e-03 0.197 3.020e-01
K00693.01 0.017 51 0.78 9.060e-63 1.490e-16 1.200e-05 0.208 1.200e-05
K00693.02 0.018 45 0.66 1.100e-194 1.210e-26 1.910e-09 0.202 1.910e-09
K00694.01 0.030 56 0.50 2.040e-56 3.140e-06 1.190e-05 0.129 1.510e-05
K00695.01 0.022 44 0.50 1.530e-15 1.700e-10 1.710e-06 0.211 1.710e-06
K00696.01 0.011 14 2.55 2.240e-193 8.100e-79 3.910e-06 0.148 3.910e-06
K00697.01 0.023 53 0.50 3.560e-250 0.000e+00 3.510e-07 0.175 3.510e-07
K00698.01 0.456 89 4.00 1.980e-01 7.410e-01 5.830e-02 0.001 9.970e-01
K00699.01 nan nan nan nan nan nan nan nan 
K00700.01 0.022 68 0.50 5.750e-05 5.610e-03 1.400e-05 0.215 5.680e-03
K00700.02 0.017 43 0.66 4.210e-34 7.390e-18 1.260e-04 0.177 1.260e-04
K00700.03 0.015 43 0.99 2.460e-17 3.630e-21 9.610e-05 0.150 9.610e-05
K00700.04 0.016 77 1.23 1.360e-12 1.030e-06 7.700e-02 0.171 7.700e-02
K00701.01 0.028 65 0.50 4.080e-23 4.070e-17 7.940e-06 0.205 7.940e-06
K00701.02 0.019 40 0.50 9.960e-33 3.550e-64 5.570e-06 0.131 5.570e-06
K00701.03 0.024 127 1.86 2.860e-45 6.230e-52 4.510e-03 0.177 4.510e-03
K00701.04 0.021 180 1.32 1.880e-18 2.270e-20 2.150e-03 0.148 2.150e-03
K00701.05 0.008 43 2.97 1.520e-57 3.060e-78 2.420e-02 0.013 2.420e-02
K00702.01 0.209 230 0.50 0.000e+00 9.820e-21 6.440e-76 0.006 0.000e+00
K00703.01 0.011 19 0.50 1.010e-09 1.050e-02 9.550e-01 0.209 9.650e-01
K00704.01 0.030 64 0.50 4.410e-06 6.380e-04 2.050e-05 0.198 6.630e-04
K00705.01 nan nan nan 8.610e-12 1.720e-14 8.710e-01 0.067 8.710e-01
K00706.01 nan nan nan nan nan nan nan nan 
K00707.01 0.026 51 0.50 1.510e-26 1.760e-13 1.650e-08 0.094 1.650e-08
K00707.02 0.022 61 0.75 5.480e-35 2.110e-13 2.720e-04 0.117 2.720e-04
K00707.03 0.020 56 0.78 3.070e-28 2.520e-03 3.830e-05 0.158 2.560e-03
K00707.04 0.015 42 0.66 2.260e-26 4.430e-19 6.500e-08 0.208 6.500e-08
K00707.05 0.008 24 1.47 1.190e-30 2.550e-38 4.210e-10 0.140 4.210e-10
K00708.01 0.022 54 0.50 2.520e-51 1.060e-05 6.700e-06 0.120 1.730e-05
K00708.02 0.017 31 0.50 2.890e-51 2.850e-05 7.650e-06 0.193 3.610e-05
K00709.01 0.029 57 0.57 1.230e-36 1.440e-07 1.770e-03 0.190 1.770e-03
K00710.01 0.012 14 3.00 5.670e-45 3.160e-03 4.910e-06 0.208 3.170e-03
K00710.02 0.010 26 2.04 1.600e-05 2.120e-03 1.340e-04 0.219 2.270e-03
K00710.03 0.007 16 4.50 2.260e-20 3.750e-07 1.500e-05 0.153 1.540e-05
K00711.01 0.026 81 0.57 4.360e-22 6.370e-13 1.290e-04 0.194 1.290e-04
K00711.02 0.013 23 0.50 1.220e-82 1.710e-51 7.800e-07 0.145 7.800e-07
K00711.03 0.024 101 0.50 5.350e-37 1.370e-29 6.200e-04 0.201 6.200e-04
K00712.01 0.012 70 2.88 2.700e-89 2.810e-64 1.000e+00 0.124 1.000e+00
K00713.01 0.248 265 0.66 7.550e-26 1.990e-10 9.980e-01 0.001 9.980e-01
K00714.01 0.026 26 0.50 3.690e-13 8.950e-18 2.840e-12 0.205 3.210e-12
K00715.01 0.123 63 0.50 1.510e-03 2.670e-01 4.510e-05 0.050 2.690e-01
K00716.01 0.062 112 0.50 9.130e-02 8.300e-01 1.580e-03 0.058 9.220e-01
K00717.01 0.015 39 0.50 1.790e-08 1.400e-09 4.810e-06 0.171 4.830e-06
K00717.02 nan nan nan 2.550e-15 4.340e-13 6.800e-03 0.031 6.800e-03
K00718.01 0.019 32 0.50 3.400e-16 3.560e-05 3.100e-06 0.199 3.870e-05
K00718.02 0.023 49 0.50 7.760e-10 7.020e-06 7.880e-06 0.161 1.490e-05
K00718.03 0.022 82 0.60 1.620e-04 2.380e-03 7.050e-06 0.179 2.550e-03
K00719.01 0.025 37 0.50 8.070e-17 3.330e-08 5.760e-05 0.179 5.760e-05
K00719.02 0.013 49 0.84 4.120e-182 6.280e-91 1.580e-04 0.080 1.580e-04
K00719.03 0.018 73 0.51 2.110e-185 2.540e-77 2.780e-05 0.122 2.780e-05
K00719.04 0.012 20 0.54 9.130e-97 3.700e-58 8.830e-05 0.066 8.830e-05
K00720.01 0.033 63 0.50 5.320e-73 7.480e-61 8.170e-09 0.188 8.170e-09
K00720.02 0.032 86 0.50 5.390e-22 3.170e-06 2.700e-05 0.140 3.010e-05
K00720.03 0.035 112 0.50 5.250e-05 1.860e-03 3.330e-05 0.169 1.950e-03
K00720.04 0.018 38 0.54 1.580e-65 9.900e-52 8.920e-04 0.167 8.920e-04
K00721.01 0.016 32 0.87 3.660e-110 9.150e-70 2.360e-04 0.219 2.360e-04
K00722.01 0.020 55 0.69 4.840e-09 1.480e-03 1.550e-05 0.133 1.500e-03
K00723.01 0.035 143 0.50 6.500e-22 2.360e-08 1.200e-05 0.173 1.200e-05
K00723.02 0.041 167 0.50 7.300e-36 1.240e-34 1.100e-05 0.121 1.100e-05
K00723.03 0.053 95 0.50 5.930e-03 1.140e-01 1.350e-04 0.078 1.200e-01
K00724.01 0.024 53 0.50 8.430e-211 5.790e-06 1.990e-06 0.207 7.780e-06
K00725.01 0.145 863 4.00 5.500e-126 9.380e-77 6.120e-01 0.077 6.120e-01
K00726.01 0.278 137 0.50 2.440e-02 9.530e-01 1.960e-02 0.001 9.970e-01
K00727.01 nan nan nan 0.000e+00 0.000e+00 1.000e+00 0.010 1.000e+00
K00728.01 0.106 143 0.50 2.060e-02 9.350e-02 1.500e-03 0.074 1.160e-01
K00729.01 0.045 237 0.50 3.570e-19 3.440e-09 8.730e-05 0.051 8.730e-05
K00730.01 0.035 194 0.78 9.770e-24 1.370e-77 9.290e-01 0.110 9.290e-01
K00730.02 0.026 155 1.98 6.600e-112 2.730e-67 2.210e-02 0.194 2.210e-02
K00730.03 0.239 144 1.50 6.980e-67 5.380e-21 1.000e+00 0.007 1.000e+00
K00730.04 0.021 98 1.38 1.380e-138 1.270e-102 2.780e-04 0.210 2.780e-04
K00731.01 nan nan nan nan nan nan nan nan 
K00732.01 0.033 105 0.50 0.000e+00 0.000e+00 2.730e-06 0.194 2.730e-06
K00732.02 nan nan nan 1.150e-15 8.650e-13 3.000e-02 0.098 3.000e-02
K00732.03 0.012 93 4.20 2.120e-71 2.000e-75 5.300e-04 0.102 5.300e-04
K00733.01 0.044 110 0.50 4.410e-50 1.420e-114 9.560e-06 0.123 9.560e-06
K00733.02 0.034 185 0.50 8.430e-34 1.220e-53 1.540e-06 0.195 1.540e-06
K00733.03 0.020 76 0.81 8.750e-81 3.520e-123 1.160e-05 0.166 1.160e-05
K00733.04 0.029 265 1.56 6.810e-04 1.420e-02 6.580e-04 0.210 1.560e-02
K00734.01 0.034 141 0.50 7.300e-101 1.040e-73 1.810e-05 0.100 1.810e-05
K00734.02 0.194 417 1.17 5.670e-02 8.660e-01 6.300e-02 0.013 9.850e-01
K00735.01 0.058 321 0.50 5.350e-84 9.040e-59 5.760e-01 0.095 5.760e-01
K00736.01 0.037 240 0.78 2.300e-30 2.550e-32 7.360e-05 0.212 7.360e-05
K00736.02 0.031 138 1.29 5.070e-29 3.300e-95 2.030e-03 0.200 2.030e-03
K00736.03 nan nan nan nan nan nan nan nan 
K00737.01 0.065 373 0.50 6.160e-20 3.300e-15 7.300e-02 0.056 7.300e-02
K00738.01 0.033 148 0.50 7.070e-34 2.690e-72 9.950e-01 0.190 9.950e-01
K00738.02 0.031 151 1.35 8.320e-47 8.410e-105 1.000e+00 0.195 1.000e+00
K00739.01 0.025 46 0.50 0.000e+00 0.000e+00 1.290e-06 0.161 1.290e-06
